1 0.6622596153846154 0.48717948717948717 0.17427884615384615 0.22275641025641027
1 0.5060096153846154 0.5096153846153846 0.12139423076923077 0.14903846153846154
1 0.32572115384615385 0.5224358974358975 0.14302884615384615 0.19230769230769232
2 0.5 0.6362179487179487 0.8016826923076923 0.5224358974358975
1 0.21875 0.6410256410256411 0.12740384615384615 0.14583333333333334
1 0.5829326923076923 0.6474358974358975 0.1814903846153846 0.2387820512820513
1 0.41947115384615385 0.6506410256410257 0.18269230769230768 0.20833333333333334
0 0.5276442307692307 0.6842948717948718 0.03125 0.49038461538461536
1 0.7596153846153846 0.6842948717948718 0.2091346153846154 0.28044871794871795
1 0.16706730769230768 0.7900641025641025 0.13221153846153846 0.12179487179487179
1 0.3125 0.7916666666666666 0.18389423076923078 0.20833333333333334
1 0.8257211538461539 0.7932692307692307 0.14903846153846154 0.20673076923076922
1 0.6550480769230769 0.8012820512820513 0.15985576923076922 0.1907051282051282
1 0.4987980769230769 0.842948717948718 0.14903846153846154 0.10737179487179487