1 0.46875 0.28846153846153844 0.028846153846153848 0.04006410256410257
1 0.6995192307692307 0.2916666666666667 0.039663461538461536 0.04487179487179487
1 0.3389423076923077 0.2916666666666667 0.025240384615384616 0.028846153846153848
1 0.6298076923076923 0.296474358974359 0.03365384615384615 0.03205128205128205
1 0.53125 0.29967948717948717 0.019230769230769232 0.035256410256410256
1 0.3137019230769231 0.29967948717948717 0.025240384615384616 0.027243589743589744
1 0.38341346153846156 0.29967948717948717 0.037259615384615384 0.04006410256410257
1 0.6634615384615384 0.30128205128205127 0.025240384615384616 0.030448717948717948
1 0.49038461538461536 0.3076923076923077 0.028846153846153848 0.028846153846153848
1 0.4543269230769231 0.3108974358974359 0.02403846153846154 0.028846153846153848
1 0.5853365384615384 0.3173076923076923 0.03125 0.035256410256410256
1 0.2692307692307692 0.3189102564102564 0.055288461538461536 0.0673076923076923
1 0.5588942307692307 0.32051282051282054 0.019230769230769232 0.03205128205128205
1 0.41346153846153844 0.32051282051282054 0.036057692307692304 0.04487179487179487
1 0.6105769230769231 0.32051282051282054 0.02283653846153846 0.035256410256410256
1 0.5168269230769231 0.32211538461538464 0.02403846153846154 0.022435897435897436
1 0.35216346153846156 0.3269230769230769 0.03485576923076923 0.038461538461538464
1 0.31490384615384615 0.3301282051282051 0.025240384615384616 0.027243589743589744
1 0.7223557692307693 0.3317307692307692 0.03245192307692308 0.03365384615384615
1 0.6466346153846154 0.3317307692307692 0.02283653846153846 0.027243589743589744
1 0.6754807692307693 0.3317307692307692 0.026442307692307692 0.035256410256410256
1 0.6971153846153846 0.3349358974358974 0.018028846153846152 0.027243589743589744
1 0.3858173076923077 0.34294871794871795 0.037259615384615384 0.03365384615384615
1 0.6262019230769231 0.34455128205128205 0.02283653846153846 0.035256410256410256
1 0.4735576923076923 0.34615384615384615 0.026442307692307692 0.035256410256410256
1 0.44350961538461536 0.34935897435897434 0.030048076923076924 0.041666666666666664
1 0.5973557692307693 0.35096153846153844 0.027644230769230768 0.02564102564102564
1 0.2980769230769231 0.3525641025641026 0.03485576923076923 0.035256410256410256
1 0.2512019230769231 0.3557692307692308 0.03365384615384615 0.035256410256410256
1 0.5625 0.3557692307692308 0.03245192307692308 0.046474358974358976
1 0.32572115384615385 0.3573717948717949 0.020432692307692308 0.028846153846153848
1 0.36538461538461536 0.358974358974359 0.03365384615384615 0.03205128205128205
1 0.6598557692307693 0.3605769230769231 0.021634615384615384 0.022435897435897436
1 0.5336538461538461 0.36217948717948717 0.025240384615384616 0.035256410256410256
1 0.7247596153846154 0.36378205128205127 0.020432692307692308 0.028846153846153848
1 0.20552884615384615 0.36378205128205127 0.026442307692307692 0.03365384615384615
1 0.5036057692307693 0.36538461538461536 0.03485576923076923 0.04807692307692308
1 0.6875 0.36698717948717946 0.026442307692307692 0.03205128205128205
1 0.4014423076923077 0.3733974358974359 0.030048076923076924 0.028846153846153848
1 0.7451923076923077 0.3733974358974359 0.018028846153846152 0.022435897435897436
1 0.4266826923076923 0.375 0.027644230769230768 0.04006410256410257
1 0.6117788461538461 0.375 0.020432692307692308 0.030448717948717948
1 0.33774038461538464 0.38301282051282054 0.026442307692307692 0.03685897435897436
1 0.6682692307692307 0.38621794871794873 0.018028846153846152 0.03205128205128205
1 0.4807692307692308 0.38782051282051283 0.018028846153846152 0.03685897435897436
1 0.7067307692307693 0.38782051282051283 0.025240384615384616 0.03365384615384615
1 0.5913461538461539 0.38782051282051283 0.02403846153846154 0.027243589743589744
1 0.5540865384615384 0.3894230769230769 0.020432692307692308 0.030448717948717948
1 0.6418269230769231 0.3894230769230769 0.02283653846153846 0.03685897435897436
1 0.24158653846153846 0.391025641025641 0.02283653846153846 0.027243589743589744
1 0.3786057692307692 0.391025641025641 0.027644230769230768 0.03365384615384615
1 0.7295673076923077 0.3926282051282051 0.016826923076923076 0.022435897435897436
1 0.5324519230769231 0.3974358974358974 0.02403846153846154 0.03205128205128205
1 0.2800480769230769 0.3974358974358974 0.03365384615384615 0.04326923076923077
1 0.4579326923076923 0.40224358974358976 0.039663461538461536 0.04807692307692308
1 0.22235576923076922 0.40384615384615385 0.021634615384615384 0.028846153846153848
1 0.7584134615384616 0.40544871794871795 0.03485576923076923 0.030448717948717948
1 0.421875 0.40544871794871795 0.02403846153846154 0.028846153846153848
1 0.5733173076923077 0.40705128205128205 0.02283653846153846 0.02564102564102564
1 0.6875 0.40705128205128205 0.020432692307692308 0.02403846153846154
1 0.5012019230769231 0.40865384615384615 0.02403846153846154 0.038461538461538464
1 0.6141826923076923 0.41025641025641024 0.028846153846153848 0.038461538461538464
1 0.3557692307692308 0.4166666666666667 0.03125 0.038461538461538464
1 0.32211538461538464 0.4166666666666667 0.025240384615384616 0.03685897435897436
1 0.5925480769230769 0.4182692307692308 0.020432692307692308 0.03365384615384615
1 0.25240384615384615 0.4230769230769231 0.019230769230769232 0.028846153846153848
1 0.5444711538461539 0.4230769230769231 0.020432692307692308 0.02564102564102564
1 0.39783653846153844 0.4230769230769231 0.038461538461538464 0.04807692307692308
1 0.19951923076923078 0.42788461538461536 0.028846153846153848 0.035256410256410256
1 0.3004807692307692 0.42948717948717946 0.020432692307692308 0.028846153846153848
1 0.7079326923076923 0.42948717948717946 0.03485576923076923 0.038461538461538464
1 0.6586538461538461 0.4326923076923077 0.03125 0.038461538461538464
1 0.5192307692307693 0.4342948717948718 0.02283653846153846 0.03205128205128205
1 0.4338942307692308 0.4358974358974359 0.019230769230769232 0.02564102564102564
1 0.7403846153846154 0.4358974358974359 0.02403846153846154 0.03205128205128205
1 0.2283653846153846 0.4375 0.027644230769230768 0.028846153846153848
1 0.7668269230769231 0.4375 0.02403846153846154 0.030448717948717948
1 0.5697115384615384 0.4375 0.02283653846153846 0.03205128205128205
1 0.4795673076923077 0.4391025641025641 0.030048076923076924 0.035256410256410256
1 0.6862980769230769 0.4407051282051282 0.021634615384615384 0.02564102564102564
1 0.2764423076923077 0.4407051282051282 0.027644230769230768 0.035256410256410256
2 0.5552884615384616 0.4423076923076923 0.8701923076923077 0.5368589743589743
1 0.7920673076923077 0.44711538461538464 0.02403846153846154 0.03205128205128205
1 0.5348557692307693 0.44871794871794873 0.015625 0.02564102564102564
1 0.16826923076923078 0.44871794871794873 0.02403846153846154 0.04487179487179487
1 0.6237980769230769 0.45032051282051283 0.037259615384615384 0.038461538461538464
1 0.3389423076923077 0.45032051282051283 0.020432692307692308 0.028846153846153848
1 0.41586538461538464 0.4567307692307692 0.019230769230769232 0.02564102564102564
1 0.3125 0.4567307692307692 0.019230769230769232 0.028846153846153848
1 0.44471153846153844 0.4583333333333333 0.018028846153846152 0.02564102564102564
1 0.009615384615384616 0.4583333333333333 0.015625 0.02564102564102564
1 0.5552884615384616 0.46153846153846156 0.02403846153846154 0.028846153846153848
1 0.5132211538461539 0.46314102564102566 0.021634615384615384 0.028846153846153848
1 0.3641826923076923 0.46314102564102566 0.020432692307692308 0.028846153846153848
1 0.7211538461538461 0.46314102564102566 0.019230769230769232 0.02564102564102564
1 0.6634615384615384 0.46474358974358976 0.02403846153846154 0.022435897435897436
1 0.5877403846153846 0.46474358974358976 0.038461538461538464 0.052884615384615384
1 0.22355769230769232 0.46794871794871795 0.016826923076923076 0.027243589743589744
1 0.7019230769230769 0.46794871794871795 0.021634615384615384 0.030448717948717948
1 0.49399038461538464 0.46955128205128205 0.021634615384615384 0.027243589743589744
1 0.2644230769230769 0.47115384615384615 0.02283653846153846 0.03205128205128205
1 0.7788461538461539 0.47275641025641024 0.027644230769230768 0.03365384615384615
1 0.19951923076923078 0.47435897435897434 0.030048076923076924 0.03205128205128205
1 0.39783653846153844 0.47435897435897434 0.027644230769230768 0.03685897435897436
1 0.4651442307692308 0.47435897435897434 0.03365384615384615 0.038461538461538464
1 0.7512019230769231 0.47596153846153844 0.02403846153846154 0.035256410256410256
1 0.42908653846153844 0.47596153846153844 0.021634615384615384 0.027243589743589744
1 0.8052884615384616 0.4775641025641026 0.02403846153846154 0.030448717948717948
1 0.2932692307692308 0.4775641025641026 0.025240384615384616 0.03205128205128205
1 0.5324519230769231 0.4775641025641026 0.021634615384615384 0.028846153846153848
1 0.2403846153846154 0.4775641025641026 0.021634615384615384 0.027243589743589744
1 0.018028846153846152 0.4791666666666667 0.019230769230769232 0.020833333333333332
1 0.140625 0.4855769230769231 0.027644230769230768 0.041666666666666664
1 0.6790865384615384 0.4855769230769231 0.026442307692307692 0.02403846153846154
1 0.33653846153846156 0.48717948717948717 0.03125 0.04326923076923077
1 0.6141826923076923 0.48878205128205127 0.018028846153846152 0.027243589743589744
1 0.375 0.48878205128205127 0.020432692307692308 0.028846153846153848
1 0.6466346153846154 0.48878205128205127 0.027644230769230768 0.03205128205128205
1 0.5108173076923077 0.49038461538461536 0.020432692307692308 0.028846153846153848
1 0.16947115384615385 0.49198717948717946 0.028846153846153848 0.035256410256410256
1 0.734375 0.4935897435897436 0.02403846153846154 0.03205128205128205
1 0.703125 0.4967948717948718 0.02403846153846154 0.02403846153846154
1 0.44350961538461536 0.4983974358974359 0.02283653846153846 0.027243589743589744
1 0.27524038461538464 0.4983974358974359 0.025240384615384616 0.02564102564102564
1 0.02403846153846154 0.4983974358974359 0.018028846153846152 0.019230769230769232
1 0.21875 0.4983974358974359 0.025240384615384616 0.02564102564102564
1 0.8305288461538461 0.5 0.021634615384615384 0.022435897435897436
1 0.3076923076923077 0.5016025641025641 0.020432692307692308 0.030448717948717948
1 0.5625 0.5032051282051282 0.042067307692307696 0.046474358974358976
1 0.47836538461538464 0.5032051282051282 0.021634615384615384 0.027243589743589744
1 0.7740384615384616 0.5048076923076923 0.016826923076923076 0.027243589743589744
1 0.7560096153846154 0.5048076923076923 0.02283653846153846 0.022435897435897436
1 0.41346153846153844 0.5048076923076923 0.036057692307692304 0.04326923076923077
1 0.25 0.5080128205128205 0.026442307692307692 0.03365384615384615
1 0.5961538461538461 0.5096153846153846 0.02403846153846154 0.03205128205128205
1 0.5288461538461539 0.5112179487179487 0.02403846153846154 0.03205128205128205
1 0.3581730769230769 0.5160256410256411 0.02283653846153846 0.02564102564102564
1 0.8052884615384616 0.5160256410256411 0.028846153846153848 0.04326923076923077
1 0.6694711538461539 0.5160256410256411 0.02403846153846154 0.02564102564102564
1 0.6382211538461539 0.5160256410256411 0.021634615384615384 0.02564102564102564
1 0.6899038461538461 0.5176282051282052 0.016826923076923076 0.02403846153846154
1 0.8485576923076923 0.5192307692307693 0.018028846153846152 0.022435897435897436
1 0.4951923076923077 0.5208333333333334 0.030048076923076924 0.028846153846153848
1 0.3858173076923077 0.5240384615384616 0.03365384615384615 0.03205128205128205
1 0.7415865384615384 0.5256410256410257 0.02403846153846154 0.02564102564102564
1 0.27524038461538464 0.5288461538461539 0.02283653846153846 0.030448717948717948
1 0.7644230769230769 0.5288461538461539 0.020432692307692308 0.027243589743589744
1 0.078125 0.530448717948718 0.014423076923076924 0.02564102564102564
1 0.46634615384615385 0.530448717948718 0.015625 0.022435897435897436
1 0.030048076923076924 0.532051282051282 0.019230769230769232 0.02564102564102564
1 0.7860576923076923 0.532051282051282 0.021634615384615384 0.030448717948717948
1 0.21394230769230768 0.532051282051282 0.027644230769230768 0.03205128205128205
1 0.16947115384615385 0.5352564102564102 0.037259615384615384 0.041666666666666664
1 0.32211538461538464 0.5352564102564102 0.026442307692307692 0.03205128205128205
1 0.8317307692307693 0.5368589743589743 0.020432692307692308 0.030448717948717948
1 0.4411057692307692 0.5384615384615384 0.036057692307692304 0.041666666666666664
1 0.5817307692307693 0.5400641025641025 0.020432692307692308 0.027243589743589744
1 0.6141826923076923 0.5400641025641025 0.03365384615384615 0.038461538461538464
1 0.6550480769230769 0.5400641025641025 0.026442307692307692 0.027243589743589744
1 0.7199519230769231 0.5400641025641025 0.021634615384615384 0.030448717948717948
1 0.04927884615384615 0.5400641025641025 0.014423076923076924 0.019230769230769232
1 0.6754807692307693 0.5432692307692307 0.015625 0.022435897435897436
1 0.11298076923076923 0.5432692307692307 0.009615384615384616 0.020833333333333332
1 0.546875 0.5448717948717948 0.030048076923076924 0.03205128205128205
1 0.6995192307692307 0.5448717948717948 0.019230769230769232 0.03205128205128205
1 0.359375 0.5448717948717948 0.026442307692307692 0.03205128205128205
1 0.25 0.5464743589743589 0.03485576923076923 0.03685897435897436
1 0.8641826923076923 0.5480769230769231 0.025240384615384616 0.04326923076923077
1 0.020432692307692308 0.5496794871794872 0.014423076923076924 0.02403846153846154
1 0.8052884615384616 0.5512820512820513 0.018028846153846152 0.020833333333333332
1 0.5144230769230769 0.5512820512820513 0.030048076923076924 0.038461538461538464
1 0.2932692307692308 0.5544871794871795 0.026442307692307692 0.041666666666666664
1 0.7463942307692307 0.5560897435897436 0.021634615384615384 0.02403846153846154
1 0.038461538461538464 0.5576923076923077 0.014423076923076924 0.02564102564102564
1 0.48197115384615385 0.5576923076923077 0.03365384615384615 0.041666666666666664
1 0.140625 0.5576923076923077 0.042067307692307696 0.041666666666666664
1 0.09615384615384616 0.5608974358974359 0.014423076923076924 0.020833333333333332
1 0.41346153846153844 0.5625 0.030048076923076924 0.03205128205128205
1 0.59375 0.5625 0.021634615384615384 0.03205128205128205
1 0.22355769230769232 0.5625 0.019230769230769232 0.019230769230769232
1 0.6370192307692307 0.5641025641025641 0.021634615384615384 0.02403846153846154
1 0.38221153846153844 0.5657051282051282 0.025240384615384616 0.03205128205128205
1 0.6838942307692307 0.5657051282051282 0.018028846153846152 0.02564102564102564
1 0.7800480769230769 0.5673076923076923 0.03125 0.03205128205128205
1 0.6634615384615384 0.5673076923076923 0.025240384615384616 0.019230769230769232
1 0.5673076923076923 0.5673076923076923 0.027644230769230768 0.03685897435897436
1 0.33653846153846156 0.5689102564102564 0.036057692307692304 0.04487179487179487
1 0.44711538461538464 0.5689102564102564 0.019230769230769232 0.02564102564102564
1 0.007211538461538462 0.5737179487179487 0.010817307692307692 0.019230769230769232
1 0.17067307692307693 0.5737179487179487 0.025240384615384616 0.030448717948717948
1 0.5384615384615384 0.5753205128205128 0.018028846153846152 0.022435897435897436
1 0.8461538461538461 0.5753205128205128 0.02403846153846154 0.03685897435897436
1 0.2644230769230769 0.5769230769230769 0.03125 0.038461538461538464
1 0.20072115384615385 0.5785256410256411 0.026442307692307692 0.03205128205128205
1 0.8125 0.5785256410256411 0.03365384615384615 0.04006410256410257
1 0.021634615384615384 0.5785256410256411 0.018028846153846152 0.02403846153846154
1 0.7367788461538461 0.5817307692307693 0.021634615384615384 0.027243589743589744
1 0.06850961538461539 0.5817307692307693 0.016826923076923076 0.020833333333333332
1 0.046875 0.5817307692307693 0.015625 0.022435897435897436
1 0.46875 0.5817307692307693 0.015625 0.027243589743589744
1 0.49759615384615385 0.5833333333333334 0.02403846153846154 0.027243589743589744
1 0.7079326923076923 0.5833333333333334 0.03125 0.046474358974358976
1 0.6165865384615384 0.5865384615384616 0.027644230769230768 0.046474358974358976
1 0.8641826923076923 0.5897435897435898 0.02403846153846154 0.02564102564102564
1 0.4254807692307692 0.5897435897435898 0.021634615384615384 0.022435897435897436
1 0.29927884615384615 0.5913461538461539 0.02283653846153846 0.02403846153846154
1 0.5252403846153846 0.5913461538461539 0.02403846153846154 0.027243589743589744
1 0.2283653846153846 0.5913461538461539 0.02283653846153846 0.028846153846153848
1 0.6454326923076923 0.592948717948718 0.020432692307692308 0.02403846153846154
1 0.40024038461538464 0.594551282051282 0.027644230769230768 0.02564102564102564
1 0.5492788461538461 0.594551282051282 0.020432692307692308 0.03205128205128205
1 0.453125 0.594551282051282 0.021634615384615384 0.02564102564102564
1 0.03365384615384615 0.5961538461538461 0.016826923076923076 0.014423076923076924
1 0.7608173076923077 0.5961538461538461 0.026442307692307692 0.038461538461538464
1 0.01201923076923077 0.5961538461538461 0.020432692307692308 0.02564102564102564
1 0.3641826923076923 0.5977564102564102 0.03485576923076923 0.046474358974358976
1 0.6706730769230769 0.5977564102564102 0.030048076923076924 0.041666666666666664
1 0.15264423076923078 0.5993589743589743 0.025240384615384616 0.035256410256410256
1 0.08774038461538461 0.6009615384615384 0.020432692307692308 0.020833333333333332
1 0.8834134615384616 0.6009615384615384 0.026442307692307692 0.03365384615384615
0 0.8353365384615384 0.6025641025641025 0.013221153846153846 0.22596153846153846
1 0.056490384615384616 0.6025641025641025 0.016826923076923076 0.016025641025641024
1 0.17668269230769232 0.6041666666666666 0.02403846153846154 0.02564102564102564
1 0.5853365384615384 0.6057692307692307 0.03365384615384615 0.041666666666666664
1 0.3329326923076923 0.6057692307692307 0.02403846153846154 0.027243589743589744
1 0.7896634615384616 0.6073717948717948 0.02283653846153846 0.03365384615384615
1 0.25600961538461536 0.6105769230769231 0.019230769230769232 0.02403846153846154
1 0.2824519230769231 0.6121794871794872 0.02403846153846154 0.02564102564102564
1 0.20192307692307693 0.6137820512820513 0.020432692307692308 0.027243589743589744
1 0.5084134615384616 0.6153846153846154 0.021634615384615384 0.028846153846153848
1 0.38221153846153844 0.6169871794871795 0.02403846153846154 0.027243589743589744
1 0.47716346153846156 0.6169871794871795 0.039663461538461536 0.04487179487179487
1 0.8413461538461539 0.6169871794871795 0.02403846153846154 0.03205128205128205
1 0.7355769230769231 0.6185897435897436 0.028846153846153848 0.041666666666666664
1 0.9302884615384616 0.6185897435897436 0.021634615384615384 0.035256410256410256
1 0.41947115384615385 0.6185897435897436 0.026442307692307692 0.03205128205128205
1 0.3076923076923077 0.6201923076923077 0.025240384615384616 0.027243589743589744
1 0.23317307692307693 0.6201923076923077 0.028846153846153848 0.027243589743589744
1 0.5372596153846154 0.6217948717948718 0.030048076923076924 0.028846153846153848
1 0.8641826923076923 0.6217948717948718 0.02283653846153846 0.028846153846153848
1 0.44471153846153844 0.6233974358974359 0.02283653846153846 0.030448717948717948
1 0.8149038461538461 0.6233974358974359 0.027644230769230768 0.030448717948717948
1 0.3485576923076923 0.6298076923076923 0.02283653846153846 0.02403846153846154
1 0.5600961538461539 0.6314102564102564 0.02403846153846154 0.041666666666666664
1 0.10576923076923077 0.6346153846153846 0.021634615384615384 0.028846153846153848
1 0.15144230769230768 0.6346153846153846 0.03125 0.03365384615384615
1 0.6081730769230769 0.6362179487179487 0.028846153846153848 0.03365384615384615
1 0.7716346153846154 0.6362179487179487 0.028846153846153848 0.03365384615384615
1 0.8942307692307693 0.6362179487179487 0.020432692307692308 0.030448717948717948
1 0.21754807692307693 0.6362179487179487 0.019230769230769232 0.020833333333333332
1 0.6358173076923077 0.6378205128205128 0.03365384615384615 0.049679487179487176
1 0.7127403846153846 0.6378205128205128 0.02403846153846154 0.030448717948717948
1 0.39783653846153844 0.6378205128205128 0.021634615384615384 0.03205128205128205
1 0.33052884615384615 0.6394230769230769 0.028846153846153848 0.028846153846153848
1 0.27283653846153844 0.6394230769230769 0.02403846153846154 0.028846153846153848
1 0.18509615384615385 0.6410256410256411 0.03365384615384615 0.038461538461538464
1 0.6814903846153846 0.6426282051282052 0.03125 0.038461538461538464
1 0.5805288461538461 0.6458333333333334 0.025240384615384616 0.038461538461538464
1 0.3737980769230769 0.6474358974358975 0.03245192307692308 0.04006410256410257
1 0.9134615384615384 0.6474358974358975 0.021634615384615384 0.030448717948717948
1 0.8689903846153846 0.6490384615384616 0.027644230769230768 0.02403846153846154
1 0.4987980769230769 0.6506410256410257 0.018028846153846152 0.030448717948717948
1 0.29447115384615385 0.6506410256410257 0.020432692307692308 0.022435897435897436
1 0.4182692307692308 0.6522435897435898 0.015625 0.028846153846153848
1 0.7536057692307693 0.6522435897435898 0.025240384615384616 0.03685897435897436
1 0.8425480769230769 0.6522435897435898 0.02283653846153846 0.02564102564102564
1 0.2403846153846154 0.6538461538461539 0.03125 0.035256410256410256
1 0.5276442307692307 0.6538461538461539 0.037259615384615384 0.04487179487179487
1 0.953125 0.6538461538461539 0.021634615384615384 0.04006410256410257
1 0.7920673076923077 0.655448717948718 0.02283653846153846 0.03685897435897436
1 0.47836538461538464 0.6586538461538461 0.021634615384615384 0.035256410256410256
1 0.8161057692307693 0.6602564102564102 0.02283653846153846 0.02564102564102564
1 0.6995192307692307 0.6634615384615384 0.015625 0.02403846153846154
1 0.9807692307692307 0.6634615384615384 0.021634615384615384 0.03685897435897436
1 0.7235576923076923 0.6634615384615384 0.02403846153846154 0.030448717948717948
1 0.6105769230769231 0.6666666666666666 0.019230769230769232 0.02564102564102564
1 0.44711538461538464 0.6698717948717948 0.040865384615384616 0.057692307692307696
1 0.1466346153846154 0.6698717948717948 0.025240384615384616 0.03365384615384615
1 0.5576923076923077 0.6730769230769231 0.03245192307692308 0.04487179487179487
1 0.27403846153846156 0.6762820512820513 0.037259615384615384 0.041666666666666664
1 0.8990384615384616 0.6778846153846154 0.027644230769230768 0.030448717948717948
1 0.35096153846153844 0.6778846153846154 0.030048076923076924 0.038461538461538464
1 0.6646634615384616 0.6778846153846154 0.04326923076923077 0.049679487179487176
1 0.3173076923076923 0.6794871794871795 0.025240384615384616 0.03205128205128205
1 0.8725961538461539 0.6794871794871795 0.02283653846153846 0.030448717948717948
1 0.6298076923076923 0.6810897435897436 0.02403846153846154 0.03205128205128205
1 0.41586538461538464 0.6810897435897436 0.020432692307692308 0.028846153846153848
1 0.7692307692307693 0.6810897435897436 0.03485576923076923 0.03685897435897436
1 0.5913461538461539 0.6826923076923077 0.030048076923076924 0.030448717948717948
1 0.22596153846153846 0.6826923076923077 0.030048076923076924 0.03365384615384615
1 0.8473557692307693 0.6826923076923077 0.020432692307692308 0.03205128205128205
1 0.9326923076923077 0.6842948717948718 0.021634615384615384 0.02564102564102564
1 0.3870192307692308 0.6875 0.03365384615384615 0.04006410256410257
1 0.47596153846153844 0.6875 0.026442307692307692 0.03205128205128205
1 0.7992788461538461 0.6875 0.02403846153846154 0.028846153846153848
1 0.8257211538461539 0.6891025641025641 0.019230769230769232 0.030448717948717948
1 0.5048076923076923 0.6891025641025641 0.028846153846153848 0.03365384615384615
1 0.5336538461538461 0.6939102564102564 0.02403846153846154 0.027243589743589744
1 0.6959134615384616 0.6971153846153846 0.026442307692307692 0.027243589743589744
1 0.2620192307692308 0.9759615384615384 0.07091346153846154 0.04326923076923077
1 0.5396634615384616 0.1891025641025641 0.02403846153846154 0.027243589743589744
1 0.5673076923076923 0.1907051282051282 0.020432692307692308 0.02564102564102564
1 0.5024038461538461 0.19230769230769232 0.016826923076923076 0.02403846153846154
1 0.46634615384615385 0.20192307692307693 0.030048076923076924 0.041666666666666664
1 0.40384615384615385 0.20512820512820512 0.03485576923076923 0.052884615384615384
1 0.43509615384615385 0.20512820512820512 0.025240384615384616 0.03365384615384615
1 0.5168269230769231 0.20512820512820512 0.02283653846153846 0.022435897435897436
1 0.5949519230769231 0.21314102564102563 0.026442307692307692 0.03205128205128205
1 0.6213942307692307 0.21634615384615385 0.02403846153846154 0.027243589743589744
1 0.49278846153846156 0.22435897435897437 0.026442307692307692 0.035256410256410256
1 0.5709134615384616 0.22435897435897437 0.020432692307692308 0.02564102564102564
1 0.5384615384615384 0.22435897435897437 0.021634615384615384 0.028846153846153848
1 0.3629807692307692 0.22756410256410256 0.019230769230769232 0.030448717948717948
1 0.45552884615384615 0.22916666666666666 0.018028846153846152 0.02564102564102564
1 0.3329326923076923 0.23237179487179488 0.038461538461538464 0.04807692307692308
1 0.296875 0.23717948717948717 0.03245192307692308 0.04807692307692308
1 0.42908653846153844 0.2403846153846154 0.037259615384615384 0.041666666666666664
1 0.38461538461538464 0.2419871794871795 0.030048076923076924 0.038461538461538464
1 0.47475961538461536 0.24358974358974358 0.019230769230769232 0.03205128205128205
1 0.5120192307692307 0.24358974358974358 0.02403846153846154 0.03205128205128205
1 0.5925480769230769 0.2467948717948718 0.026442307692307692 0.03205128205128205
1 0.6153846153846154 0.2516025641025641 0.019230769230769232 0.02403846153846154
1 0.5324519230769231 0.2564102564102564 0.020432692307692308 0.027243589743589744
1 0.640625 0.25801282051282054 0.03365384615384615 0.038461538461538464
1 0.5685096153846154 0.25961538461538464 0.020432692307692308 0.027243589743589744
1 0.49038461538461536 0.25961538461538464 0.02283653846153846 0.028846153846153848
1 0.6706730769230769 0.2644230769230769 0.03245192307692308 0.035256410256410256
1 0.3581730769230769 0.2676282051282051 0.03365384615384615 0.046474358974358976
1 0.31971153846153844 0.2708333333333333 0.026442307692307692 0.027243589743589744
1 0.4098557692307692 0.27403846153846156 0.03245192307692308 0.04326923076923077
1 0.5096153846153846 0.27564102564102566 0.02403846153846154 0.03205128205128205
1 0.2932692307692308 0.27724358974358976 0.025240384615384616 0.03205128205128205
1 0.4411057692307692 0.27884615384615385 0.027644230769230768 0.03205128205128205
1 0.6033653846153846 0.28044871794871795 0.03245192307692308 0.03205128205128205
1 0.5504807692307693 0.28365384615384615 0.02403846153846154 0.027243589743589744
1 0.5757211538461539 0.28685897435897434 0.020432692307692308 0.022435897435897436