1 0.5697115384615384 0.3317307692307692 0.020432692307692308 0.02564102564102564
1 0.5889423076923077 0.3317307692307692 0.019230769230769232 0.022435897435897436
1 0.625 0.3333333333333333 0.015625 0.014423076923076924
1 0.5480769230769231 0.33974358974358976 0.015625 0.017628205128205128
1 0.48677884615384615 0.34294871794871795 0.019230769230769232 0.022435897435897436
1 0.5108173076923077 0.34615384615384615 0.015625 0.019230769230769232
1 0.6670673076923077 0.34775641025641024 0.020432692307692308 0.01282051282051282
1 0.609375 0.34775641025641024 0.02283653846153846 0.027243589743589744
1 0.6490384615384616 0.35096153846153844 0.025240384615384616 0.019230769230769232
1 0.5721153846153846 0.3525641025641026 0.014423076923076924 0.019230769230769232
1 0.5324519230769231 0.3525641025641026 0.016826923076923076 0.03205128205128205
1 0.4651442307692308 0.3541666666666667 0.02283653846153846 0.028846153846153848
1 0.6274038461538461 0.358974358974359 0.014423076923076924 0.019230769230769232
1 0.5853365384615384 0.358974358974359 0.021634615384615384 0.022435897435897436
1 0.5528846153846154 0.36378205128205127 0.021634615384615384 0.03205128205128205
1 0.41466346153846156 0.36698717948717946 0.03125 0.03685897435897436
1 0.33774038461538464 0.3685897435897436 0.020432692307692308 0.028846153846153848
1 0.6742788461538461 0.3685897435897436 0.02283653846153846 0.020833333333333332
1 0.31009615384615385 0.3685897435897436 0.02283653846153846 0.028846153846153848
1 0.5072115384615384 0.3733974358974359 0.026442307692307692 0.03685897435897436
1 0.2800480769230769 0.3733974358974359 0.014423076923076924 0.022435897435897436
1 0.4387019230769231 0.3733974358974359 0.018028846153846152 0.020833333333333332
1 0.5721153846153846 0.3766025641025641 0.019230769230769232 0.020833333333333332
1 0.6081730769230769 0.3766025641025641 0.016826923076923076 0.019230769230769232
1 0.6382211538461539 0.3766025641025641 0.03125 0.038461538461538464
1 0.4579326923076923 0.3782051282051282 0.013221153846153846 0.02564102564102564
1 0.6826923076923077 0.3798076923076923 0.019230769230769232 0.014423076923076924
1 0.5925480769230769 0.3814102564102564 0.019230769230769232 0.020833333333333332
1 0.3870192307692308 0.3814102564102564 0.02403846153846154 0.03365384615384615
1 0.47596153846153844 0.38461538461538464 0.019230769230769232 0.02564102564102564
1 0.359375 0.38461538461538464 0.026442307692307692 0.03205128205128205
1 0.44471153846153844 0.3894230769230769 0.02403846153846154 0.027243589743589744
1 0.6129807692307693 0.391025641025641 0.020432692307692308 0.027243589743589744
1 0.6634615384615384 0.3926282051282051 0.019230769230769232 0.022435897435897436
1 0.26322115384615385 0.3974358974358974 0.021634615384615384 0.027243589743589744
1 0.5528846153846154 0.39903846153846156 0.02403846153846154 0.027243589743589744
1 0.40865384615384615 0.39903846153846156 0.020432692307692308 0.019230769230769232
1 0.49278846153846156 0.39903846153846156 0.021634615384615384 0.02403846153846154
1 0.32572115384615385 0.40224358974358976 0.03485576923076923 0.03205128205128205
1 0.5204326923076923 0.40544871794871795 0.026442307692307692 0.03365384615384615
1 0.46033653846153844 0.40544871794871795 0.020432692307692308 0.028846153846153848
1 0.578125 0.40705128205128205 0.027644230769230768 0.03365384615384615
1 0.6850961538461539 0.40865384615384615 0.03245192307692308 0.04326923076923077
1 0.3449519230769231 0.4150641025641026 0.014423076923076924 0.022435897435897436
1 0.4326923076923077 0.4150641025641026 0.026442307692307692 0.03205128205128205
1 0.6165865384615384 0.4166666666666667 0.02403846153846154 0.030448717948717948
1 0.6442307692307693 0.4166666666666667 0.027644230769230768 0.030448717948717948
1 0.3894230769230769 0.4182692307692308 0.02283653846153846 0.035256410256410256
1 0.30528846153846156 0.4230769230769231 0.028846153846153848 0.035256410256410256
1 0.4951923076923077 0.42467948717948717 0.019230769230769232 0.02564102564102564
1 0.4098557692307692 0.42628205128205127 0.015625 0.02564102564102564
1 0.4723557692307692 0.42628205128205127 0.02403846153846154 0.030448717948717948
1 0.5961538461538461 0.42628205128205127 0.021634615384615384 0.02564102564102564
1 0.5384615384615384 0.42628205128205127 0.020432692307692308 0.020833333333333332
1 0.36778846153846156 0.42788461538461536 0.030048076923076924 0.02564102564102564
1 0.24158653846153846 0.42948717948717946 0.019230769230769232 0.020833333333333332
1 0.2668269230769231 0.4310897435897436 0.028846153846153848 0.04006410256410257
1 0.7103365384615384 0.4342948717948718 0.019230769230769232 0.02564102564102564
1 0.7235576923076923 0.4342948717948718 0.019230769230769232 0.02403846153846154
1 0.5625 0.4358974358974359 0.020432692307692308 0.02564102564102564
1 0.3317307692307692 0.4407051282051282 0.026442307692307692 0.030448717948717948
1 0.5192307692307693 0.4407051282051282 0.021634615384615384 0.028846153846153848
1 0.4483173076923077 0.4407051282051282 0.02403846153846154 0.02403846153846154
1 0.6574519230769231 0.4423076923076923 0.020432692307692308 0.028846153846153848
1 0.29086538461538464 0.44711538461538464 0.016826923076923076 0.020833333333333332
1 0.6790865384615384 0.44711538461538464 0.021634615384615384 0.027243589743589744
1 0.6201923076923077 0.44711538461538464 0.026442307692307692 0.02564102564102564
1 0.39302884615384615 0.44871794871794873 0.018028846153846152 0.022435897435897436
1 0.5805288461538461 0.45032051282051283 0.020432692307692308 0.028846153846153848
1 0.41586538461538464 0.4519230769230769 0.020432692307692308 0.027243589743589744
1 0.4879807692307692 0.453525641025641 0.021634615384615384 0.03205128205128205
1 0.36899038461538464 0.4551282051282051 0.019230769230769232 0.022435897435897436
1 0.5432692307692307 0.4551282051282051 0.025240384615384616 0.03685897435897436
1 0.234375 0.4551282051282051 0.025240384615384616 0.02403846153846154
1 0.31490384615384615 0.4567307692307692 0.025240384615384616 0.027243589743589744
1 0.6009615384615384 0.4567307692307692 0.021634615384615384 0.019230769230769232
1 0.34615384615384615 0.4599358974358974 0.021634615384615384 0.027243589743589744
1 0.6394230769230769 0.46153846153846156 0.021634615384615384 0.022435897435897436
1 0.734375 0.46474358974358976 0.03485576923076923 0.041666666666666664
1 0.25841346153846156 0.46634615384615385 0.019230769230769232 0.02403846153846154
1 0.46274038461538464 0.46955128205128205 0.025240384615384616 0.03685897435897436
1 0.2860576923076923 0.47115384615384615 0.020432692307692308 0.019230769230769232
1 0.5192307692307693 0.47115384615384615 0.02283653846153846 0.030448717948717948
1 0.7019230769230769 0.47115384615384615 0.030048076923076924 0.038461538461538464
1 0.5625 0.47275641025641024 0.020432692307692308 0.035256410256410256
1 0.6634615384615384 0.47596153846153844 0.02283653846153846 0.02403846153846154
1 0.40384615384615385 0.47596153846153844 0.015625 0.017628205128205128
1 0.43149038461538464 0.47596153846153844 0.021634615384615384 0.028846153846153848
1 0.38100961538461536 0.4791666666666667 0.026442307692307692 0.027243589743589744
1 0.6129807692307693 0.4791666666666667 0.019230769230769232 0.027243589743589744
1 0.22596153846153846 0.4807692307692308 0.02403846153846154 0.027243589743589744
1 0.49038461538461536 0.4823717948717949 0.021634615384615384 0.020833333333333332
1 0.7487980769230769 0.483974358974359 0.02403846153846154 0.020833333333333332
1 0.30528846153846156 0.4855769230769231 0.025240384615384616 0.02403846153846154
1 0.3581730769230769 0.48717948717948717 0.02403846153846154 0.022435897435897436
1 0.6382211538461539 0.48717948717948717 0.027644230769230768 0.028846153846153848
1 0.5877403846153846 0.49038461538461536 0.03365384615384615 0.049679487179487176
1 0.33533653846153844 0.49198717948717946 0.019230769230769232 0.02564102564102564
1 0.4495192307692308 0.4951923076923077 0.018028846153846152 0.022435897435897436
1 0.6826923076923077 0.4951923076923077 0.02403846153846154 0.028846153846153848
1 0.5408653846153846 0.4967948717948718 0.02403846153846154 0.03205128205128205
1 0.5132211538461539 0.4983974358974359 0.018028846153846152 0.02403846153846154
1 0.2776442307692308 0.4983974358974359 0.028846153846153848 0.03205128205128205
1 0.47596153846153844 0.5 0.027644230769230768 0.028846153846153848
1 0.24759615384615385 0.5 0.027644230769230768 0.03365384615384615
1 0.7247596153846154 0.5 0.021634615384615384 0.02564102564102564
1 0.40865384615384615 0.5016025641025641 0.02283653846153846 0.030448717948717948
1 0.7019230769230769 0.5032051282051282 0.020432692307692308 0.02564102564102564
1 0.42788461538461536 0.5048076923076923 0.015625 0.022435897435897436
1 0.31850961538461536 0.5064102564102564 0.021634615384615384 0.02564102564102564
1 0.6574519230769231 0.5080128205128205 0.025240384615384616 0.030448717948717948
1 0.21394230769230768 0.5096153846153846 0.025240384615384616 0.027243589743589744
1 0.609375 0.5112179487179487 0.02283653846153846 0.022435897435897436
1 0.7524038461538461 0.5128205128205128 0.019230769230769232 0.028846153846153848
1 0.49759615384615385 0.5176282051282052 0.019230769230769232 0.02564102564102564
1 0.5637019230769231 0.5176282051282052 0.021634615384615384 0.038461538461538464
1 0.2956730769230769 0.5176282051282052 0.027644230769230768 0.035256410256410256
1 0.5228365384615384 0.5176282051282052 0.016826923076923076 0.02564102564102564
1 0.3401442307692308 0.5176282051282052 0.020432692307692308 0.022435897435897436
1 0.3918269230769231 0.5192307692307693 0.025240384615384616 0.03685897435897436
1 0.3629807692307692 0.5224358974358975 0.021634615384615384 0.027243589743589744
1 0.6382211538461539 0.5224358974358975 0.028846153846153848 0.030448717948717948
1 0.6875 0.5224358974358975 0.025240384615384616 0.020833333333333332
1 0.7800480769230769 0.5224358974358975 0.021634615384615384 0.028846153846153848
1 0.5853365384615384 0.5272435897435898 0.019230769230769232 0.027243589743589744
1 0.7331730769230769 0.5288461538461539 0.021634615384615384 0.028846153846153848
1 0.43990384615384615 0.5288461538461539 0.02283653846153846 0.02564102564102564
2 0.5144230769230769 0.532051282051282 0.9423076923076923 0.42467948717948717
1 0.47716346153846156 0.5336538461538461 0.019230769230769232 0.028846153846153848
1 0.2644230769230769 0.5352564102564102 0.026442307692307692 0.03205128205128205
1 0.4170673076923077 0.5384615384615384 0.021634615384615384 0.028846153846153848
1 0.1875 0.5384615384615384 0.037259615384615384 0.04487179487179487
1 0.6586538461538461 0.5384615384615384 0.020432692307692308 0.02564102564102564
1 0.3269230769230769 0.5400641025641025 0.019230769230769232 0.019230769230769232
1 0.6153846153846154 0.5400641025641025 0.02283653846153846 0.027243589743589744
1 0.5420673076923077 0.5416666666666666 0.019230769230769232 0.03205128205128205
1 0.23197115384615385 0.5416666666666666 0.03365384615384615 0.04326923076923077
1 0.7536057692307693 0.5416666666666666 0.026442307692307692 0.028846153846153848
1 0.8149038461538461 0.5432692307692307 0.02283653846153846 0.02403846153846154
1 0.5721153846153846 0.5480769230769231 0.021634615384615384 0.022435897435897436
1 0.7175480769230769 0.5480769230769231 0.025240384615384616 0.02564102564102564
1 0.3737980769230769 0.5496794871794872 0.02403846153846154 0.028846153846153848
1 0.28966346153846156 0.5496794871794872 0.019230769230769232 0.02564102564102564
1 0.3088942307692308 0.5496794871794872 0.021634615384615384 0.020833333333333332
1 0.3473557692307692 0.5528846153846154 0.028846153846153848 0.03205128205128205
1 0.49759615384615385 0.5528846153846154 0.025240384615384616 0.035256410256410256
1 0.45072115384615385 0.5560897435897436 0.02403846153846154 0.028846153846153848
1 0.5925480769230769 0.5560897435897436 0.021634615384615384 0.02564102564102564
1 0.6502403846153846 0.5592948717948718 0.021634615384615384 0.020833333333333332
1 0.6862980769230769 0.5608974358974359 0.03245192307692308 0.046474358974358976
1 0.7836538461538461 0.5608974358974359 0.030048076923076924 0.049679487179487176
1 0.39903846153846156 0.5625 0.026442307692307692 0.038461538461538464
1 0.5528846153846154 0.5625 0.020432692307692308 0.022435897435897436
1 0.47475961538461536 0.5641025641025641 0.015625 0.027243589743589744
1 0.3233173076923077 0.5641025641025641 0.015625 0.022435897435897436
1 0.5300480769230769 0.5641025641025641 0.020432692307692308 0.027243589743589744
1 0.7391826923076923 0.5657051282051282 0.025240384615384616 0.030448717948717948
1 0.17307692307692307 0.5673076923076923 0.025240384615384616 0.038461538461538464
1 0.1502403846153846 0.5721153846153846 0.019230769230769232 0.027243589743589744
1 0.6274038461538461 0.5737179487179487 0.026442307692307692 0.035256410256410256
1 0.2776442307692308 0.5753205128205128 0.016826923076923076 0.027243589743589744
1 0.22596153846153846 0.5769230769230769 0.03245192307692308 0.03365384615384615
1 0.25721153846153844 0.5785256410256411 0.016826923076923076 0.027243589743589744
1 0.3016826923076923 0.5801282051282052 0.027644230769230768 0.03365384615384615
1 0.3605769230769231 0.5801282051282052 0.021634615384615384 0.030448717948717948
1 0.41947115384615385 0.5801282051282052 0.025240384615384616 0.03365384615384615
1 0.8161057692307693 0.5801282051282052 0.028846153846153848 0.03365384615384615
1 0.5733173076923077 0.5817307692307693 0.027644230769230768 0.030448717948717948
1 0.5120192307692307 0.5817307692307693 0.019230769230769232 0.020833333333333332
1 0.4411057692307692 0.5833333333333334 0.016826923076923076 0.02564102564102564
1 0.19591346153846154 0.5833333333333334 0.03365384615384615 0.04006410256410257
1 0.38100961538461536 0.5849358974358975 0.019230769230769232 0.02564102564102564
1 0.6598557692307693 0.5865384615384616 0.026442307692307692 0.03365384615384615
1 0.47836538461538464 0.5881410256410257 0.020432692307692308 0.022435897435897436
1 0.5444711538461539 0.5881410256410257 0.021634615384615384 0.027243589743589744
1 0.7115384615384616 0.5881410256410257 0.042067307692307696 0.04487179487179487
1 0.6009615384615384 0.5897435897435898 0.027644230769230768 0.038461538461538464
1 0.3401442307692308 0.592948717948718 0.020432692307692308 0.02403846153846154
1 0.4026442307692308 0.5993589743589743 0.021634615384615384 0.020833333333333332
1 0.2668269230769231 0.5993589743589743 0.02283653846153846 0.017628205128205128
1 0.17067307692307693 0.6009615384615384 0.021634615384615384 0.02564102564102564
1 0.5264423076923077 0.6025641025641025 0.019230769230769232 0.028846153846153848
1 0.24639423076923078 0.6025641025641025 0.020432692307692308 0.020833333333333332
1 0.7439903846153846 0.6041666666666666 0.030048076923076924 0.03365384615384615
1 0.78125 0.6041666666666666 0.02283653846153846 0.027243589743589744
1 0.31850961538461536 0.6041666666666666 0.018028846153846152 0.02564102564102564
1 0.4579326923076923 0.6041666666666666 0.020432692307692308 0.035256410256410256
1 0.6358173076923077 0.6073717948717948 0.02283653846153846 0.027243589743589744
1 0.8521634615384616 0.6089743589743589 0.03125 0.046474358974358976
1 0.14302884615384615 0.6089743589743589 0.03125 0.04006410256410257
1 0.49759615384615385 0.6089743589743589 0.028846153846153848 0.035256410256410256
1 0.359375 0.6105769230769231 0.016826923076923076 0.022435897435897436
1 0.6875 0.6105769230769231 0.026442307692307692 0.03205128205128205
1 0.8028846153846154 0.6121794871794872 0.02403846153846154 0.02403846153846154
1 0.2247596153846154 0.6137820512820513 0.02403846153846154 0.03205128205128205
1 0.42908653846153844 0.6137820512820513 0.030048076923076924 0.038461538461538464
1 0.38221153846153844 0.6153846153846154 0.02283653846153846 0.028846153846153848
1 0.5793269230769231 0.6169871794871795 0.02403846153846154 0.02564102564102564
1 0.6141826923076923 0.6169871794871795 0.019230769230769232 0.019230769230769232
1 0.5552884615384616 0.6185897435897436 0.02283653846153846 0.028846153846153848
1 0.2920673076923077 0.6201923076923077 0.03485576923076923 0.04326923076923077
1 0.47596153846153844 0.6201923076923077 0.025240384615384616 0.028846153846153848
1 0.1935096153846154 0.6201923076923077 0.03125 0.04006410256410257
1 0.3401442307692308 0.6233974358974359 0.021634615384615384 0.028846153846153848
1 0.40384615384615385 0.625 0.019230769230769232 0.02403846153846154
1 0.15504807692307693 0.6266025641025641 0.02283653846153846 0.02564102564102564
1 0.11899038461538461 0.6282051282051282 0.03125 0.035256410256410256
1 0.2512019230769231 0.6282051282051282 0.020432692307692308 0.02564102564102564
1 0.7259615384615384 0.6298076923076923 0.025240384615384616 0.022435897435897436
1 0.6574519230769231 0.6314102564102564 0.03125 0.038461538461538464
1 0.8329326923076923 0.6362179487179487 0.02283653846153846 0.03205128205128205
1 0.44711538461538464 0.6362179487179487 0.021634615384615384 0.028846153846153848
1 0.7776442307692307 0.6378205128205128 0.02283653846153846 0.028846153846153848
1 0.5144230769230769 0.6378205128205128 0.020432692307692308 0.030448717948717948
1 0.3605769230769231 0.6378205128205128 0.021634615384615384 0.02564102564102564
1 0.7019230769230769 0.6410256410256411 0.02403846153846154 0.038461538461538464
1 0.5408653846153846 0.6410256410256411 0.020432692307692308 0.03365384615384615
0 0.7992788461538461 0.6410256410256411 0.015625 0.21955128205128205
1 0.5961538461538461 0.6410256410256411 0.03245192307692308 0.035256410256410256
1 0.8016826923076923 0.6442307692307693 0.02283653846153846 0.03205128205128205
1 0.7439903846153846 0.6458333333333334 0.021634615384615384 0.030448717948717948
1 0.8689903846153846 0.6474358974358975 0.03485576923076923 0.04326923076923077
1 0.38341346153846156 0.6474358974358975 0.021634615384615384 0.030448717948717948
1 0.6274038461538461 0.6490384615384616 0.025240384615384616 0.02564102564102564
1 0.10096153846153846 0.6490384615384616 0.021634615384615384 0.03365384615384615
1 0.5673076923076923 0.6490384615384616 0.027644230769230768 0.03365384615384615
1 0.17908653846153846 0.6490384615384616 0.02403846153846154 0.022435897435897436
1 0.2091346153846154 0.6506410256410257 0.021634615384615384 0.027243589743589744
1 0.1346153846153846 0.6522435897435898 0.016826923076923076 0.03205128205128205
1 0.2692307692307692 0.6522435897435898 0.027644230769230768 0.03365384615384615
1 0.3389423076923077 0.6538461538461539 0.021634615384615384 0.028846153846153848
1 0.40625 0.657051282051282 0.020432692307692308 0.02564102564102564
1 0.24158653846153846 0.6586538461538461 0.025240384615384616 0.035256410256410256
1 0.15625 0.6602564102564102 0.014423076923076924 0.027243589743589744
1 0.47475961538461536 0.6602564102564102 0.025240384615384616 0.04326923076923077
1 0.7235576923076923 0.6618589743589743 0.02283653846153846 0.028846153846153848
1 0.3076923076923077 0.6618589743589743 0.030048076923076924 0.04006410256410257
1 0.5084134615384616 0.6618589743589743 0.02283653846153846 0.030448717948717948
1 0.6514423076923077 0.6618589743589743 0.019230769230769232 0.020833333333333332
1 0.11658653846153846 0.6618589743589743 0.018028846153846152 0.027243589743589744
1 0.4338942307692308 0.6618589743589743 0.020432692307692308 0.03365384615384615
1 0.6754807692307693 0.6634615384615384 0.021634615384615384 0.03205128205128205
1 0.3629807692307692 0.6666666666666666 0.02283653846153846 0.027243589743589744
1 0.5336538461538461 0.6698717948717948 0.021634615384615384 0.035256410256410256
1 0.7824519230769231 0.6698717948717948 0.02283653846153846 0.03205128205128205
1 0.7524038461538461 0.6714743589743589 0.020432692307692308 0.027243589743589744
1 0.5817307692307693 0.6730769230769231 0.019230769230769232 0.022435897435897436
1 0.19831730769230768 0.6730769230769231 0.013221153846153846 0.027243589743589744
1 0.8305288461538461 0.6746794871794872 0.030048076923076924 0.035256410256410256
1 0.33653846153846156 0.6762820512820513 0.020432692307692308 0.017628205128205128
1 0.078125 0.6762820512820513 0.02283653846153846 0.03365384615384615
1 0.6141826923076923 0.6762820512820513 0.02283653846153846 0.028846153846153848
1 0.9182692307692307 0.6794871794871795 0.013221153846153846 0.02564102564102564
1 0.22235576923076922 0.6794871794871795 0.03365384615384615 0.038461538461538464
1 0.27884615384615385 0.6794871794871795 0.019230769230769232 0.027243589743589744
1 0.7415865384615384 0.6810897435897436 0.020432692307692308 0.02564102564102564
1 0.6382211538461539 0.6810897435897436 0.020432692307692308 0.02564102564102564
1 0.7007211538461539 0.6826923076923077 0.02283653846153846 0.04006410256410257
1 0.8064903846153846 0.6826923076923077 0.02403846153846154 0.03365384615384615
1 0.5588942307692307 0.6842948717948718 0.025240384615384616 0.03685897435897436
1 0.9519230769230769 0.6858974358974359 0.03365384615384615 0.03205128205128205
1 0.8557692307692307 0.6858974358974359 0.021634615384615384 0.030448717948717948
1 0.1778846153846154 0.6858974358974359 0.028846153846153848 0.038461538461538464
1 0.8918269230769231 0.6858974358974359 0.026442307692307692 0.03365384615384615
1 0.6634615384615384 0.6858974358974359 0.025240384615384616 0.022435897435897436
1 0.25721153846153844 0.6875 0.02403846153846154 0.03205128205128205
1 0.4206730769230769 0.6891025641025641 0.02403846153846154 0.028846153846153848
1 0.15384615384615385 0.6907051282051282 0.019230769230769232 0.027243589743589744
1 0.3894230769230769 0.6907051282051282 0.036057692307692304 0.046474358974358976
1 0.44711538461538464 0.6939102564102564 0.028846153846153848 0.035256410256410256
1 0.109375 0.6939102564102564 0.020432692307692308 0.02564102564102564
1 0.3125 0.6939102564102564 0.02403846153846154 0.027243589743589744
1 0.47115384615384615 0.6939102564102564 0.02283653846153846 0.027243589743589744
1 0.1310096153846154 0.6971153846153846 0.020432692307692308 0.03205128205128205
1 0.5072115384615384 0.6971153846153846 0.03365384615384615 0.038461538461538464
1 0.05889423076923077 0.7003205128205128 0.020432692307692308 0.03205128205128205
1 0.7548076923076923 0.7035256410256411 0.028846153846153848 0.028846153846153848
1 0.9350961538461539 0.7035256410256411 0.010817307692307692 0.022435897435897436
1 0.3401442307692308 0.7035256410256411 0.021634615384615384 0.030448717948717948
1 0.7235576923076923 0.7051282051282052 0.03125 0.03685897435897436
1 0.5925480769230769 0.7051282051282052 0.026442307692307692 0.04006410256410257
1 0.5384615384615384 0.7067307692307693 0.030048076923076924 0.03205128205128205
1 0.6189903846153846 0.7067307692307693 0.02403846153846154 0.028846153846153848
1 0.8689903846153846 0.7083333333333334 0.02403846153846154 0.030448717948717948
1 0.7848557692307693 0.7083333333333334 0.030048076923076924 0.035256410256410256
1 0.96875 0.7099358974358975 0.015625 0.019230769230769232
1 0.6838942307692307 0.7115384615384616 0.03485576923076923 0.03205128205128205
1 0.6466346153846154 0.7115384615384616 0.027644230769230768 0.028846153846153848
1 0.8401442307692307 0.7115384615384616 0.025240384615384616 0.03205128205128205
1 0.20192307692307693 0.7131410256410257 0.03245192307692308 0.041666666666666664
1 0.8137019230769231 0.7131410256410257 0.02283653846153846 0.027243589743589744
1 0.27524038461538464 0.7147435897435898 0.03125 0.03685897435897436
1 0.16947115384615385 0.7163461538461539 0.03125 0.02564102564102564
1 0.23918269230769232 0.7163461538461539 0.027644230769230768 0.03205128205128205
1 0.09014423076923077 0.7163461538461539 0.03245192307692308 0.041666666666666664
1 0.04927884615384615 0.717948717948718 0.014423076923076924 0.019230769230769232
1 0.8966346153846154 0.717948717948718 0.025240384615384616 0.02564102564102564
1 0.9314903846153846 0.717948717948718 0.019230769230769232 0.02403846153846154
1 0.30288461538461536 0.7211538461538461 0.021634615384615384 0.022435897435897436
1 0.4266826923076923 0.7211538461538461 0.027644230769230768 0.03365384615384615
1 0.11778846153846154 0.7211538461538461 0.018028846153846152 0.022435897435897436
1 0.36538461538461536 0.7227564102564102 0.038461538461538464 0.038461538461538464
1 0.14543269230769232 0.7243589743589743 0.026442307692307692 0.03365384615384615
1 0.3245192307692308 0.7243589743589743 0.019230769230769232 0.020833333333333332
1 0.4579326923076923 0.7259615384615384 0.03125 0.03365384615384615
1 0.9615384615384616 0.7259615384615384 0.009615384615384616 0.02564102564102564
1 0.39903846153846156 0.7275641025641025 0.021634615384615384 0.02564102564102564
1 0.5180288461538461 0.7275641025641025 0.021634615384615384 0.022435897435897436
1 0.4879807692307692 0.7307692307692307 0.025240384615384616 0.028846153846153848
1 0.9747596153846154 0.7339743589743589 0.019230769230769232 0.019230769230769232