1 0.3894230769230769 0.2972972972972973 0.025240384615384616 0.05675675675675676
1 0.7608173076923077 0.2972972972972973 0.015625 0.032432432432432434
1 0.22115384615384615 0.3 0.015625 0.03783783783783784
1 0.15865384615384615 0.3 0.020432692307692308 0.04054054054054054
1 0.7776442307692307 0.3027027027027027 0.015625 0.02972972972972973
1 0.5985576923076923 0.3027027027027027 0.009615384615384616 0.02972972972972973
1 0.25961538461538464 0.3027027027027027 0.018028846153846152 0.03783783783783784
1 0.45072115384615385 0.3027027027027027 0.019230769230769232 0.03513513513513514
1 0.49278846153846156 0.3027027027027027 0.014423076923076924 0.024324324324324326
1 0.41586538461538464 0.3027027027027027 0.014423076923076924 0.02972972972972973
1 0.3641826923076923 0.3054054054054054 0.016826923076923076 0.032432432432432434
1 0.18028846153846154 0.3054054054054054 0.021634615384615384 0.03783783783783784
1 0.8377403846153846 0.3054054054054054 0.021634615384615384 0.04054054054054054
1 0.546875 0.3108108108108108 0.018028846153846152 0.03783783783783784
1 0.8173076923076923 0.3108108108108108 0.014423076923076924 0.02972972972972973
1 0.5793269230769231 0.31351351351351353 0.015625 0.02972972972972973
1 0.3293269230769231 0.3162162162162162 0.019230769230769232 0.032432432432432434
1 0.30528846153846156 0.3162162162162162 0.019230769230769232 0.04864864864864865
1 0.7103365384615384 0.3162162162162162 0.019230769230769232 0.02972972972972973
1 0.23918269230769232 0.31891891891891894 0.015625 0.03783783783783784
1 0.5108173076923077 0.31891891891891894 0.016826923076923076 0.02972972972972973
1 0.6225961538461539 0.31891891891891894 0.016826923076923076 0.043243243243243246
1 0.6622596153846154 0.31891891891891894 0.015625 0.032432432432432434
1 0.6069711538461539 0.3216216216216216 0.01201923076923077 0.021621621621621623
1 0.47716346153846156 0.3216216216216216 0.01201923076923077 0.03783783783783784
1 0.3557692307692308 0.32432432432432434 0.014423076923076924 0.02972972972972973
1 0.2860576923076923 0.32432432432432434 0.014423076923076924 0.04054054054054054
1 0.7908653846153846 0.32432432432432434 0.013221153846153846 0.02972972972972973
1 0.14182692307692307 0.327027027027027 0.021634615384615384 0.04594594594594595
1 0.75 0.327027027027027 0.015625 0.03513513513513514
1 0.5264423076923077 0.327027027027027 0.014423076923076924 0.043243243243243246
1 0.4387019230769231 0.327027027027027 0.019230769230769232 0.04054054054054054
1 0.6742788461538461 0.32972972972972975 0.014423076923076924 0.032432432432432434
1 0.078125 0.32972972972972975 0.021634615384615384 0.043243243243243246
1 0.7680288461538461 0.32972972972972975 0.016826923076923076 0.02972972972972973
1 0.7259615384615384 0.32972972972972975 0.018028846153846152 0.04054054054054054
1 0.6911057692307693 0.32972972972972975 0.01201923076923077 0.02702702702702703
1 0.45913461538461536 0.3324324324324324 0.013221153846153846 0.03513513513513514
1 0.2548076923076923 0.3324324324324324 0.013221153846153846 0.021621621621621623
1 0.20432692307692307 0.33513513513513515 0.019230769230769232 0.043243243243243246
1 0.8557692307692307 0.33513513513513515 0.021634615384615384 0.043243243243243246
1 0.49278846153846156 0.33513513513513515 0.015625 0.032432432432432434
1 0.4050480769230769 0.33513513513513515 0.018028846153846152 0.032432432432432434
1 0.5925480769230769 0.33513513513513515 0.009615384615384616 0.02702702702702703
1 0.375 0.33513513513513515 0.020432692307692308 0.043243243243243246
1 0.2692307692307692 0.33783783783783783 0.01201923076923077 0.04054054054054054
1 0.22355769230769232 0.33783783783783783 0.019230769230769232 0.043243243243243246
1 0.6478365384615384 0.34054054054054056 0.018028846153846152 0.03783783783783784
1 0.8028846153846154 0.34054054054054056 0.015625 0.03513513513513514
1 0.16706730769230768 0.34054054054054056 0.019230769230769232 0.03783783783783784
1 0.8233173076923077 0.34324324324324323 0.018028846153846152 0.03513513513513514
1 0.10697115384615384 0.34864864864864864 0.019230769230769232 0.043243243243243246
1 0.5540865384615384 0.34864864864864864 0.021634615384615384 0.043243243243243246
1 0.31971153846153844 0.35135135135135137 0.015625 0.02702702702702703
1 0.040865384615384616 0.35135135135135137 0.019230769230769232 0.051351351351351354
1 0.6153846153846154 0.35135135135135137 0.015625 0.02972972972972973
1 0.5805288461538461 0.35135135135135137 0.016826923076923076 0.032432432432432434
1 0.7584134615384616 0.35405405405405405 0.013221153846153846 0.02972972972972973
1 0.5360576923076923 0.35405405405405405 0.010817307692307692 0.02702702702702703
1 0.6298076923076923 0.35405405405405405 0.015625 0.03513513513513514
1 0.5997596153846154 0.3567567567567568 0.013221153846153846 0.02702702702702703
1 0.5012019230769231 0.3567567567567568 0.01201923076923077 0.02972972972972973
1 0.7860576923076923 0.3567567567567568 0.014423076923076924 0.032432432432432434
1 0.39302884615384615 0.3567567567567568 0.015625 0.032432432432432434
1 0.7019230769230769 0.3567567567567568 0.018028846153846152 0.03783783783783784
1 0.5192307692307693 0.3567567567567568 0.014423076923076924 0.02972972972972973
1 0.46634615384615385 0.3567567567567568 0.013221153846153846 0.02702702702702703
1 0.12860576923076922 0.35945945945945945 0.020432692307692308 0.04594594594594595
1 0.7403846153846154 0.35945945945945945 0.013221153846153846 0.02972972972972973
1 0.33774038461538464 0.3621621621621622 0.013221153846153846 0.02702702702702703
1 0.30408653846153844 0.3621621621621622 0.016826923076923076 0.03513513513513514
1 0.19110576923076922 0.3621621621621622 0.018028846153846152 0.043243243243243246
1 0.6826923076923077 0.3621621621621622 0.021634615384615384 0.04054054054054054
1 0.48197115384615385 0.36486486486486486 0.014423076923076924 0.03513513513513514
1 0.25 0.3675675675675676 0.016826923076923076 0.024324324324324326
1 0.2860576923076923 0.3675675675675676 0.015625 0.03513513513513514
1 0.3581730769230769 0.3675675675675676 0.020432692307692308 0.043243243243243246
1 0.7175480769230769 0.3675675675675676 0.014423076923076924 0.032432432432432434
1 0.6538461538461539 0.37027027027027026 0.019230769230769232 0.04054054054054054
1 0.45072115384615385 0.372972972972973 0.018028846153846152 0.03783783783783784
1 0.3798076923076923 0.372972972972973 0.01201923076923077 0.02972972972972973
1 0.14903846153846154 0.372972972972973 0.02283653846153846 0.051351351351351354
1 0.7692307692307693 0.37567567567567567 0.013221153846153846 0.02972972972972973
1 0.5709134615384616 0.37567567567567567 0.014423076923076924 0.024324324324324326
1 0.4074519230769231 0.37567567567567567 0.01201923076923077 0.03513513513513514
1 0.8581730769230769 0.3783783783783784 0.019230769230769232 0.04054054054054054
1 0.17307692307692307 0.3783783783783784 0.016826923076923076 0.03783783783783784
1 0.08413461538461539 0.3810810810810811 0.021634615384615384 0.043243243243243246
1 0.8233173076923077 0.3810810810810811 0.018028846153846152 0.03513513513513514
1 0.43028846153846156 0.3810810810810811 0.013221153846153846 0.032432432432432434
1 0.5324519230769231 0.3810810810810811 0.014423076923076924 0.021621621621621623
1 0.0625 0.3810810810810811 0.015625 0.04054054054054054
1 0.32572115384615385 0.3810810810810811 0.01201923076923077 0.02702702702702703
1 0.2127403846153846 0.3837837837837838 0.02283653846153846 0.04864864864864865
1 0.5096153846153846 0.3837837837837838 0.01201923076923077 0.02702702702702703
1 0.6225961538461539 0.3837837837837838 0.015625 0.02972972972972973
1 0.8064903846153846 0.3837837837837838 0.015625 0.04054054054054054
1 0.46875 0.3864864864864865 0.013221153846153846 0.02702702702702703
1 0.7512019230769231 0.3864864864864865 0.019230769230769232 0.03513513513513514
1 0.2668269230769231 0.3864864864864865 0.020432692307692308 0.043243243243243246
1 0.7319711538461539 0.3891891891891892 0.016826923076923076 0.032432432432432434
1 0.3485576923076923 0.3891891891891892 0.014423076923076924 0.03513513513513514
1 0.5516826923076923 0.3918918918918919 0.018028846153846152 0.03783783783783784
1 0.6694711538461539 0.3918918918918919 0.014423076923076924 0.032432432432432434
1 0.6394230769230769 0.3918918918918919 0.013221153846153846 0.03783783783783784
1 0.7055288461538461 0.3918918918918919 0.013221153846153846 0.024324324324324326
1 0.7836538461538461 0.3918918918918919 0.014423076923076924 0.032432432432432434
1 0.49158653846153844 0.3918918918918919 0.015625 0.02972972972972973
1 0.23677884615384615 0.3918918918918919 0.025240384615384616 0.051351351351351354
1 0.84375 0.3945945945945946 0.019230769230769232 0.043243243243243246
1 0.8774038461538461 0.3972972972972973 0.019230769230769232 0.043243243243243246
1 0.5997596153846154 0.3972972972972973 0.016826923076923076 0.032432432432432434
1 0.3894230769230769 0.3972972972972973 0.014423076923076924 0.03513513513513514
1 0.10817307692307693 0.4 0.02283653846153846 0.05945945945945946
1 0.5228365384615384 0.4027027027027027 0.019230769230769232 0.043243243243243246
1 0.44350961538461536 0.40540540540540543 0.013221153846153846 0.02972972972972973
1 0.46033653846153844 0.40540540540540543 0.015625 0.04054054054054054
1 0.3605769230769231 0.40540540540540543 0.013221153846153846 0.03513513513513514
1 0.6850961538461539 0.40540540540540543 0.015625 0.03513513513513514
1 0.1310096153846154 0.4081081081081081 0.020432692307692308 0.03783783783783784
1 0.5012019230769231 0.4081081081081081 0.008413461538461538 0.021621621621621623
1 0.5384615384615384 0.4081081081081081 0.010817307692307692 0.02972972972972973
1 0.7127403846153846 0.41081081081081083 0.01201923076923077 0.02702702702702703
1 0.3137019230769231 0.41081081081081083 0.009615384615384616 0.02972972972972973
1 0.47716346153846156 0.4135135135135135 0.013221153846153846 0.02972972972972973
1 0.5685096153846154 0.4135135135135135 0.020432692307692308 0.04594594594594595
1 0.7584134615384616 0.4135135135135135 0.015625 0.03513513513513514
1 0.33774038461538464 0.41621621621621624 0.01201923076923077 0.02972972972972973
1 0.6153846153846154 0.41621621621621624 0.013221153846153846 0.03513513513513514
1 0.4014423076923077 0.41621621621621624 0.015625 0.02972972972972973
1 0.7403846153846154 0.41621621621621624 0.019230769230769232 0.03783783783783784
1 0.1778846153846154 0.4189189189189189 0.019230769230769232 0.03783783783783784
1 0.1971153846153846 0.4189189189189189 0.018028846153846152 0.051351351351351354
1 0.4266826923076923 0.4189189189189189 0.018028846153846152 0.03783783783783784
1 0.6526442307692307 0.42162162162162165 0.015625 0.032432432432432434
1 0.8629807692307693 0.42162162162162165 0.016826923076923076 0.03513513513513514
1 0.07451923076923077 0.4243243243243243 0.016826923076923076 0.02972972972972973
1 0.7019230769230769 0.4243243243243243 0.01201923076923077 0.024324324324324326
1 0.28125 0.4243243243243243 0.018028846153846152 0.03783783783783784
1 0.4891826923076923 0.4243243243243243 0.010817307692307692 0.02702702702702703
1 0.8052884615384616 0.4243243243243243 0.018028846153846152 0.04054054054054054
1 0.5084134615384616 0.42702702702702705 0.01201923076923077 0.02702702702702703
1 0.5516826923076923 0.42702702702702705 0.014423076923076924 0.02972972972972973
1 0.6310096153846154 0.42702702702702705 0.015625 0.03513513513513514
1 0.5997596153846154 0.4297297297297297 0.014423076923076924 0.032432432432432434
1 0.15504807692307693 0.4297297297297297 0.019230769230769232 0.04864864864864865
1 0.6706730769230769 0.4297297297297297 0.018028846153846152 0.03513513513513514
1 0.30288461538461536 0.4297297297297297 0.019230769230769232 0.04594594594594595
1 0.7860576923076923 0.4297297297297297 0.018028846153846152 0.03783783783783784
1 0.21875 0.4297297297297297 0.021634615384615384 0.043243243243243246
1 0.32572115384615385 0.43243243243243246 0.01201923076923077 0.02972972972972973
1 0.5841346153846154 0.43243243243243246 0.010817307692307692 0.02702702702702703
1 0.2620192307692308 0.43513513513513513 0.020432692307692308 0.04054054054054054
1 0.8918269230769231 0.43513513513513513 0.02283653846153846 0.04864864864864865
1 0.5336538461538461 0.43513513513513513 0.013221153846153846 0.021621621621621623
1 0.3701923076923077 0.44054054054054054 0.014423076923076924 0.02972972972972973
1 0.6850961538461539 0.44054054054054054 0.01201923076923077 0.021621621621621623
1 0.7235576923076923 0.44324324324324327 0.018028846153846152 0.04054054054054054
1 0.828125 0.44324324324324327 0.015625 0.03513513513513514
1 0.010817307692307692 0.44324324324324327 0.015625 0.062162162162162166
2 0.5072115384615384 0.44594594594594594 0.9771634615384616 0.8135135135135135
1 0.4963942307692308 0.44594594594594594 0.013221153846153846 0.02702702702702703
1 0.7740384615384616 0.44594594594594594 0.016826923076923076 0.03513513513513514
1 0.6430288461538461 0.4486486486486487 0.010817307692307692 0.02972972972972973
1 0.4387019230769231 0.4486486486486487 0.020432692307692308 0.04054054054054054
1 0.08413461538461539 0.4486486486486487 0.020432692307692308 0.04864864864864865
1 0.8449519230769231 0.4486486486486487 0.015625 0.03513513513513514
1 0.46274038461538464 0.45135135135135135 0.010817307692307692 0.02702702702702703
1 0.11057692307692307 0.45135135135135135 0.02283653846153846 0.04054054054054054
1 0.4807692307692308 0.45135135135135135 0.01201923076923077 0.02702702702702703
1 0.4182692307692308 0.45135135135135135 0.01201923076923077 0.02702702702702703
1 0.6129807692307693 0.4540540540540541 0.010817307692307692 0.02972972972972973
1 0.6971153846153846 0.4540540540540541 0.014423076923076924 0.032432432432432434
1 0.1310096153846154 0.4540540540540541 0.015625 0.04864864864864865
1 0.5588942307692307 0.4540540540540541 0.010817307692307692 0.02702702702702703
1 0.6538461538461539 0.45675675675675675 0.010817307692307692 0.032432432432432434
1 0.35216346153846156 0.45675675675675675 0.019230769230769232 0.043243243243243246
1 0.4026442307692308 0.45675675675675675 0.014423076923076924 0.032432432432432434
1 0.5444711538461539 0.4594594594594595 0.01201923076923077 0.02702702702702703
1 0.234375 0.4594594594594595 0.02283653846153846 0.04594594594594595
1 0.7379807692307693 0.46216216216216216 0.013221153846153846 0.02702702702702703
1 0.5096153846153846 0.46216216216216216 0.014423076923076924 0.03513513513513514
1 0.875 0.46216216216216216 0.019230769230769232 0.04864864864864865
1 0.5889423076923077 0.46216216216216216 0.008413461538461538 0.02972972972972973
1 0.7115384615384616 0.46216216216216216 0.015625 0.02702702702702703
1 0.6021634615384616 0.46216216216216216 0.014423076923076924 0.03513513513513514
1 0.9074519230769231 0.46216216216216216 0.018028846153846152 0.032432432432432434
1 0.8161057692307693 0.46756756756756757 0.013221153846153846 0.02702702702702703
1 0.328125 0.46756756756756757 0.018028846153846152 0.04054054054054054
1 0.051682692307692304 0.46756756756756757 0.019230769230769232 0.04864864864864865
1 0.6274038461538461 0.4702702702702703 0.016826923076923076 0.03513513513513514
1 0.28966346153846156 0.4702702702702703 0.019230769230769232 0.043243243243243246
1 0.5288461538461539 0.4702702702702703 0.020432692307692308 0.04054054054054054
1 0.36778846153846156 0.4702702702702703 0.010817307692307692 0.02972972972972973
1 0.18389423076923078 0.47297297297297297 0.03365384615384615 0.07297297297297298
1 0.4951923076923077 0.47297297297297297 0.01201923076923077 0.02972972972972973
1 0.671875 0.47297297297297297 0.015625 0.02702702702702703
1 0.7572115384615384 0.47297297297297297 0.02283653846153846 0.051351351351351354
1 0.7860576923076923 0.4756756756756757 0.016826923076923076 0.03783783783783784
1 0.44711538461538464 0.4756756756756757 0.01201923076923077 0.024324324324324326
1 0.37740384615384615 0.4756756756756757 0.01201923076923077 0.032432432432432434
1 0.2692307692307692 0.4783783783783784 0.01201923076923077 0.043243243243243246
1 0.21153846153846154 0.4783783783783784 0.020432692307692308 0.04594594594594595
1 0.3088942307692308 0.4783783783783784 0.019230769230769232 0.043243243243243246
1 0.8269230769230769 0.4810810810810811 0.010817307692307692 0.024324324324324326
1 0.47596153846153844 0.4810810810810811 0.010817307692307692 0.02702702702702703
1 0.42908653846153844 0.4810810810810811 0.018028846153846152 0.02972972972972973
1 0.46153846153846156 0.4810810810810811 0.013221153846153846 0.02702702702702703
1 0.7007211538461539 0.4810810810810811 0.010817307692307692 0.02702702702702703
1 0.41225961538461536 0.4837837837837838 0.014423076923076924 0.02702702702702703
1 0.15625 0.4837837837837838 0.015625 0.04054054054054054
1 0.5733173076923077 0.4837837837837838 0.02403846153846154 0.05405405405405406
1 0.8461538461538461 0.4837837837837838 0.016826923076923076 0.032432432432432434
1 0.7199519230769231 0.4864864864864865 0.014423076923076924 0.02702702702702703
1 0.6418269230769231 0.4891891891891892 0.018028846153846152 0.03783783783783784
1 0.5576923076923077 0.4918918918918919 0.004807692307692308 0.01891891891891892
1 0.3942307692307692 0.4918918918918919 0.018028846153846152 0.03513513513513514
1 0.5432692307692307 0.4918918918918919 0.016826923076923076 0.03783783783783784
1 0.3581730769230769 0.4918918918918919 0.013221153846153846 0.02702702702702703
1 0.48677884615384615 0.4918918918918919 0.009615384615384616 0.024324324324324326
1 0.6598557692307693 0.4945945945945946 0.014423076923076924 0.032432432432432434
1 0.8689903846153846 0.4945945945945946 0.013221153846153846 0.024324324324324326
1 0.027644230769230768 0.4945945945945946 0.030048076923076924 0.07027027027027027
1 0.6862980769230769 0.4945945945945946 0.018028846153846152 0.043243243243243246
1 0.25240384615384615 0.4972972972972973 0.018028846153846152 0.03513513513513514
1 0.13341346153846154 0.4972972972972973 0.02283653846153846 0.04054054054054054
1 0.7403846153846154 0.5 0.014423076923076924 0.032432432432432434
1 0.8076923076923077 0.5 0.021634615384615384 0.04054054054054054
1 0.3245192307692308 0.5027027027027027 0.014423076923076924 0.02702702702702703
1 0.46875 0.5027027027027027 0.008413461538461538 0.021621621621621623
1 0.4987980769230769 0.5027027027027027 0.013221153846153846 0.024324324324324326
1 0.3401442307692308 0.5027027027027027 0.016826923076923076 0.04594594594594595
1 0.5144230769230769 0.5027027027027027 0.018028846153846152 0.04054054054054054
1 0.5949519230769231 0.5054054054054054 0.020432692307692308 0.043243243243243246
1 0.6706730769230769 0.5054054054054054 0.01201923076923077 0.02972972972972973
1 0.1045673076923077 0.5081081081081081 0.026442307692307692 0.05405405405405406
1 0.23076923076923078 0.5081081081081081 0.020432692307692308 0.04594594594594595
1 0.4387019230769231 0.5108108108108108 0.013221153846153846 0.02972972972972973
1 0.9002403846153846 0.5135135135135135 0.016826923076923076 0.03783783783783784
1 0.3737980769230769 0.5135135135135135 0.016826923076923076 0.043243243243243246
1 0.4543269230769231 0.5135135135135135 0.015625 0.043243243243243246
1 0.421875 0.5162162162162162 0.016826923076923076 0.02972972972972973
1 0.2764423076923077 0.5162162162162162 0.020432692307692308 0.03783783783783784
1 0.6971153846153846 0.518918918918919 0.015625 0.03783783783783784
1 0.921875 0.518918918918919 0.016826923076923076 0.03783783783783784
1 0.71875 0.518918918918919 0.018028846153846152 0.04054054054054054
1 0.5288461538461539 0.5216216216216216 0.014423076923076924 0.02972972972972973
1 0.4807692307692308 0.5216216216216216 0.008413461538461538 0.02702702702702703
1 0.8533653846153846 0.5216216216216216 0.016826923076923076 0.03513513513513514
1 0.16706730769230768 0.5216216216216216 0.019230769230769232 0.051351351351351354
1 0.21153846153846154 0.5216216216216216 0.016826923076923076 0.03513513513513514
1 0.6274038461538461 0.5243243243243243 0.015625 0.04594594594594595
1 0.3581730769230769 0.5243243243243243 0.01201923076923077 0.02972972972972973
1 0.5576923076923077 0.5243243243243243 0.007211538461538462 0.01891891891891892
1 0.2956730769230769 0.5243243243243243 0.015625 0.04594594594594595
1 0.7584134615384616 0.5243243243243243 0.016826923076923076 0.04054054054054054
1 0.8798076923076923 0.5243243243243243 0.02283653846153846 0.04594594594594595
1 0.8269230769230769 0.5243243243243243 0.018028846153846152 0.04054054054054054
1 0.6802884615384616 0.527027027027027 0.01201923076923077 0.02702702702702703
1 0.9663461538461539 0.527027027027027 0.020432692307692308 0.03783783783783784
1 0.5697115384615384 0.527027027027027 0.013221153846153846 0.02972972972972973
1 0.7788461538461539 0.5297297297297298 0.02403846153846154 0.05945945945945946
1 0.5444711538461539 0.5297297297297298 0.015625 0.03513513513513514
1 0.6141826923076923 0.5297297297297298 0.015625 0.03513513513513514
1 0.19110576923076922 0.5297297297297298 0.020432692307692308 0.03513513513513514
1 0.6454326923076923 0.5297297297297298 0.018028846153846152 0.04054054054054054
1 0.34615384615384615 0.5324324324324324 0.013221153846153846 0.03513513513513514
1 0.46634615384615385 0.5324324324324324 0.015625 0.03783783783783784
1 0.5817307692307693 0.5351351351351351 0.018028846153846152 0.04594594594594595
1 0.14783653846153846 0.5351351351351351 0.020432692307692308 0.051351351351351354
1 0.6658653846153846 0.5351351351351351 0.013221153846153846 0.02972972972972973
1 0.49399038461538464 0.5351351351351351 0.016826923076923076 0.03783783783783784
1 0.32091346153846156 0.5351351351351351 0.013221153846153846 0.03513513513513514
1 0.7415865384615384 0.5378378378378378 0.014423076923076924 0.032432432432432434
1 0.6814903846153846 0.05405405405405406 0.019230769230769232 0.01891891891891892
1 0.9459134615384616 0.5405405405405406 0.019230769230769232 0.04054054054054054
1 0.3858173076923077 0.5432432432432432 0.013221153846153846 0.03513513513513514
1 0.40384615384615385 0.5432432432432432 0.018028846153846152 0.04594594594594595
1 0.8629807692307693 0.5432432432432432 0.015625 0.03513513513513514
1 0.25961538461538464 0.5459459459459459 0.020432692307692308 0.043243243243243246
1 0.5985576923076923 0.5459459459459459 0.018028846153846152 0.03513513513513514
1 0.4483173076923077 0.5459459459459459 0.015625 0.03783783783783784
1 0.8425480769230769 0.5459459459459459 0.018028846153846152 0.04054054054054054
1 0.36658653846153844 0.5459459459459459 0.010817307692307692 0.021621621621621623
1 0.054086538461538464 0.5459459459459459 0.04447115384615385 0.0945945945945946
1 0.5180288461538461 0.5486486486486486 0.014423076923076924 0.03513513513513514
1 0.12379807692307693 0.5486486486486486 0.026442307692307692 0.04054054054054054
1 0.5576923076923077 0.5486486486486486 0.009615384615384616 0.032432432432432434
1 0.8088942307692307 0.5486486486486486 0.015625 0.04054054054054054
1 0.9771634615384616 0.5513513513513514 0.013221153846153846 0.024324324324324326
1 0.014423076923076924 0.5513513513513514 0.02283653846153846 0.07837837837837838
1 0.5336538461538461 0.5513513513513514 0.014423076923076924 0.032432432432432434
1 0.6322115384615384 0.5567567567567567 0.013221153846153846 0.032432432432432434
1 0.42427884615384615 0.5567567567567567 0.013221153846153846 0.02702702702702703
1 0.2247596153846154 0.5594594594594594 0.019230769230769232 0.04594594594594595
1 0.47836538461538464 0.5621621621621622 0.015625 0.03513513513513514
1 0.7127403846153846 0.5621621621621622 0.015625 0.032432432432432434
1 0.27884615384615385 0.5621621621621622 0.019230769230769232 0.043243243243243246
1 0.8858173076923077 0.5621621621621622 0.016826923076923076 0.04054054054054054
1 0.90625 0.5648648648648649 0.019230769230769232 0.04594594594594595
1 0.7512019230769231 0.5648648648648649 0.018028846153846152 0.03783783783783784
1 0.359375 0.5675675675675675 0.015625 0.03513513513513514
1 0.6862980769230769 0.5675675675675675 0.015625 0.03783783783783784
1 0.9290865384615384 0.5675675675675675 0.02403846153846154 0.04864864864864865
1 0.46153846153846156 0.5702702702702702 0.015625 0.02972972972972973
1 0.4375 0.5702702702702702 0.014423076923076924 0.03513513513513514
1 0.6622596153846154 0.05675675675675676 0.014423076923076924 0.024324324324324326
1 0.17307692307692307 0.5702702702702702 0.019230769230769232 0.04054054054054054
1 0.6213942307692307 0.572972972972973 0.019230769230769232 0.032432432432432434
1 0.6658653846153846 0.572972972972973 0.014423076923076924 0.04054054054054054
1 0.734375 0.572972972972973 0.013221153846153846 0.04054054054054054
1 0.3954326923076923 0.572972972972973 0.010817307692307692 0.02702702702702703
1 0.31490384615384615 0.572972972972973 0.015625 0.03513513513513514
1 0.3401442307692308 0.572972972972973 0.026442307692307692 0.06486486486486487
1 0.20072115384615385 0.5756756756756757 0.027644230769230768 0.07027027027027027
1 0.5072115384615384 0.5756756756756757 0.013221153846153846 0.032432432432432434
1 0.49158653846153844 0.5756756756756757 0.014423076923076924 0.032432432432432434
1 0.5685096153846154 0.5783783783783784 0.016826923076923076 0.032432432432432434
1 0.7872596153846154 0.581081081081081 0.020432692307692308 0.051351351351351354
1 0.9699519230769231 0.581081081081081 0.019230769230769232 0.03783783783783784
1 0.5444711538461539 0.5837837837837838 0.013221153846153846 0.02702702702702703
1 0.8713942307692307 0.5837837837837838 0.018028846153846152 0.04054054054054054
1 0.5216346153846154 0.5837837837837838 0.015625 0.02972972972972973
1 0.5865384615384616 0.5837837837837838 0.015625 0.03513513513513514
1 0.2980769230769231 0.5837837837837838 0.020432692307692308 0.03513513513513514
1 0.8533653846153846 0.5864864864864865 0.016826923076923076 0.03783783783783784
1 0.15384615384615385 0.5864864864864865 0.009615384615384616 0.051351351351351354
1 0.7680288461538461 0.5864864864864865 0.013221153846153846 0.032432432432432434
1 0.13942307692307693 0.5891891891891892 0.020432692307692308 0.02972972972972973
1 0.6045673076923077 0.5891891891891892 0.016826923076923076 0.02972972972972973
1 0.4098557692307692 0.5891891891891892 0.013221153846153846 0.032432432432432434
1 0.8257211538461539 0.5891891891891892 0.019230769230769232 0.04054054054054054
1 0.3858173076923077 0.5918918918918918 0.014423076923076924 0.032432432432432434
1 0.6334134615384616 0.5945945945945946 0.015625 0.03783783783783784
1 0.47475961538461536 0.5945945945945946 0.015625 0.03513513513513514
1 0.3004807692307692 0.05945945945945946 0.015625 0.03513513513513514
1 0.6526442307692307 0.5972972972972973 0.013221153846153846 0.02702702702702703
1 0.8064903846153846 0.6 0.015625 0.04864864864864865
1 0.23798076923076922 0.6 0.02283653846153846 0.051351351351351354
1 0.08413461538461539 0.6 0.028846153846153848 0.06756756756756757
1 0.6923076923076923 0.6 0.014423076923076924 0.02972972972972973
1 0.28125 0.05945945945945946 0.019230769230769232 0.04054054054054054
1 0.3713942307692308 0.6027027027027027 0.013221153846153846 0.03513513513513514
1 0.453125 0.6054054054054054 0.019230769230769232 0.03513513513513514
1 0.5552884615384616 0.6054054054054054 0.018028846153846152 0.02972972972972973
1 0.21875 0.6054054054054054 0.018028846153846152 0.04054054054054054
1 0.9014423076923077 0.6081081081081081 0.015625 0.03513513513513514
1 0.7115384615384616 0.6081081081081081 0.010817307692307692 0.02702702702702703
1 0.5012019230769231 0.6081081081081081 0.013221153846153846 0.021621621621621623
1 0.5336538461538461 0.6108108108108108 0.016826923076923076 0.04054054054054054
1 0.3233173076923077 0.6108108108108108 0.014423076923076924 0.02702702702702703
1 0.025240384615384616 0.6108108108108108 0.03485576923076923 0.08378378378378379
1 0.921875 0.6108108108108108 0.015625 0.043243243243243246
1 0.9375 0.6108108108108108 0.015625 0.03513513513513514
1 0.18269230769230768 0.6135135135135135 0.018028846153846152 0.03783783783783784
1 0.421875 0.6135135135135135 0.015625 0.03513513513513514
1 0.7548076923076923 0.6135135135135135 0.014423076923076924 0.03513513513513514
1 0.48677884615384615 0.6162162162162163 0.010817307692307692 0.02972972972972973
1 0.39903846153846156 0.6189189189189189 0.013221153846153846 0.02702702702702703
1 0.7319711538461539 0.6189189189189189 0.020432692307692308 0.043243243243243246
1 0.6165865384615384 0.6189189189189189 0.018028846153846152 0.04054054054054054
1 0.9591346153846154 0.6216216216216216 0.021634615384615384 0.043243243243243246
1 0.6694711538461539 0.6216216216216216 0.02403846153846154 0.051351351351351354
1 0.2920673076923077 0.6216216216216216 0.019230769230769232 0.04594594594594595
1 0.3605769230769231 0.6216216216216216 0.01201923076923077 0.03513513513513514
1 0.5192307692307693 0.6216216216216216 0.009615384615384616 0.024324324324324326
1 0.5829326923076923 0.6270270270270271 0.014423076923076924 0.03513513513513514
1 0.7920673076923077 0.6270270270270271 0.020432692307692308 0.04054054054054054
1 0.8605769230769231 0.6270270270270271 0.019230769230769232 0.03783783783783784
1 0.3088942307692308 0.6270270270270271 0.015625 0.03513513513513514
1 0.1658653846153846 0.6270270270270271 0.016826923076923076 0.04054054054054054
1 0.20192307692307693 0.6297297297297297 0.019230769230769232 0.04054054054054054
0 0.2620192307692308 0.6297297297297297 0.04567307692307692 0.5675675675675675
1 0.4362980769230769 0.6297297297297297 0.01201923076923077 0.02972972972972973
1 0.34375 0.6324324324324324 0.01201923076923077 0.032432432432432434
1 0.4098557692307692 0.6324324324324324 0.01201923076923077 0.02702702702702703
1 0.47596153846153844 0.6324324324324324 0.010817307692307692 0.02972972972972973
1 0.6875 0.6351351351351351 0.014423076923076924 0.032432432432432434
1 0.5072115384615384 0.6351351351351351 0.010817307692307692 0.024324324324324326
1 0.5661057692307693 0.6351351351351351 0.014423076923076924 0.03783783783783784
1 0.46274038461538464 0.6351351351351351 0.013221153846153846 0.032432432432432434
1 0.2512019230769231 0.6351351351351351 0.018028846153846152 0.04054054054054054
1 0.8882211538461539 0.6351351351351351 0.021634615384615384 0.04864864864864865
1 0.8221153846153846 0.6351351351351351 0.02283653846153846 0.043243243243243246
1 0.38461538461538464 0.6378378378378379 0.019230769230769232 0.04054054054054054
1 0.05048076923076923 0.6378378378378379 0.025240384615384616 0.06486486486486487
1 0.6310096153846154 0.062162162162162166 0.013221153846153846 0.024324324324324326
1 0.14543269230769232 0.6405405405405405 0.020432692307692308 0.04054054054054054
1 0.5456730769230769 0.6405405405405405 0.016826923076923076 0.032432432432432434
1 0.49399038461538464 0.6405405405405405 0.015625 0.024324324324324326
1 0.3293269230769231 0.6432432432432432 0.01201923076923077 0.032432432432432434
1 0.5985576923076923 0.6432432432432432 0.015625 0.043243243243243246
1 0.44711538461538464 0.6459459459459459 0.013221153846153846 0.032432432432432434
1 0.6466346153846154 0.6459459459459459 0.019230769230769232 0.051351351351351354
1 0.23317307692307693 0.6486486486486487 0.018028846153846152 0.03783783783783784
1 0.9110576923076923 0.6486486486486487 0.019230769230769232 0.043243243243243246
1 0.9290865384615384 0.6486486486486487 0.02283653846153846 0.043243243243243246
1 0.5240384615384616 0.6486486486486487 0.01201923076923077 0.032432432432432434
1 0.7740384615384616 0.6513513513513514 0.013221153846153846 0.04054054054054054
1 0.8449519230769231 0.6513513513513514 0.02403846153846154 0.04864864864864865
1 0.36658653846153844 0.06486486486486487 0.015625 0.02702702702702703
1 0.7584134615384616 0.6513513513513514 0.016826923076923076 0.03783783783783784
1 0.18269230769230768 0.6513513513513514 0.013221153846153846 0.03513513513513514
1 0.3161057692307692 0.6513513513513514 0.013221153846153846 0.02702702702702703
1 0.4206730769230769 0.6513513513513514 0.014423076923076924 0.032432432432432434
1 0.2668269230769231 0.654054054054054 0.013221153846153846 0.03783783783783784
1 0.21394230769230768 0.654054054054054 0.015625 0.032432432432432434
1 0.7043269230769231 0.654054054054054 0.01201923076923077 0.03783783783783784
1 0.39783653846153844 0.654054054054054 0.018028846153846152 0.032432432432432434
1 0.7199519230769231 0.654054054054054 0.014423076923076924 0.03513513513513514
1 0.2848557692307692 0.654054054054054 0.015625 0.04054054054054054
1 0.3004807692307692 0.654054054054054 0.015625 0.03513513513513514
1 0.8028846153846154 0.6594594594594595 0.016826923076923076 0.04594594594594595
1 0.3581730769230769 0.6594594594594595 0.015625 0.03783783783783784
1 0.9591346153846154 0.6594594594594595 0.018028846153846152 0.03783783783783784
1 0.6262019230769231 0.6594594594594595 0.019230769230769232 0.05405405405405406
1 0.9855769230769231 0.6621621621621622 0.019230769230769232 0.043243243243243246
1 0.43509615384615385 0.6648648648648648 0.013221153846153846 0.02702702702702703
1 0.7367788461538461 0.6675675675675675 0.014423076923076924 0.04054054054054054
1 0.10817307692307693 0.6675675675675675 0.03365384615384615 0.0891891891891892
1 0.24519230769230768 0.06486486486486487 0.020432692307692308 0.04864864864864865
1 0.5805288461538461 0.6702702702702703 0.020432692307692308 0.04864864864864865
1 0.07572115384615384 0.672972972972973 0.03125 0.08378378378378379
1 0.5576923076923077 0.672972972972973 0.016826923076923076 0.03783783783783784
1 0.013221153846153846 0.6756756756756757 0.019230769230769232 0.062162162162162166
1 0.32091346153846156 0.06756756756756757 0.010817307692307692 0.02972972972972973
1 0.5384615384615384 0.6756756756756757 0.020432692307692308 0.05405405405405406
1 0.4110576923076923 0.6756756756756757 0.015625 0.02702702702702703
1 0.4579326923076923 0.6756756756756757 0.013221153846153846 0.032432432432432434
1 0.25 0.6783783783783783 0.014423076923076924 0.03783783783783784
1 0.6586538461538461 0.6783783783783783 0.019230769230769232 0.051351351351351354
1 0.5192307692307693 0.6783783783783783 0.013221153846153846 0.03513513513513514
1 0.16346153846153846 0.6783783783783783 0.019230769230769232 0.03783783783783784
1 0.47596153846153844 0.6810810810810811 0.018028846153846152 0.02972972972972973
1 0.6850961538461539 0.6810810810810811 0.016826923076923076 0.03783783783783784
1 0.8305288461538461 0.6810810810810811 0.015625 0.03513513513513514
1 0.6057692307692307 0.6810810810810811 0.018028846153846152 0.04594594594594595
1 0.20793269230769232 0.6837837837837838 0.016826923076923076 0.03783783783783784
1 0.3701923076923077 0.6837837837837838 0.015625 0.04054054054054054
1 0.3954326923076923 0.6864864864864865 0.01201923076923077 0.02972972972972973
1 0.18870192307692307 0.6864864864864865 0.016826923076923076 0.03783783783783784
1 0.22596153846153846 0.6864864864864865 0.014423076923076924 0.02972972972972973
1 0.8954326923076923 0.6864864864864865 0.018028846153846152 0.04864864864864865
1 0.44350961538461536 0.6891891891891891 0.014423076923076924 0.032432432432432434
1 0.2932692307692308 0.6918918918918919 0.016826923076923076 0.03513513513513514
1 0.7524038461538461 0.6918918918918919 0.019230769230769232 0.04864864864864865
1 0.8581730769230769 0.6918918918918919 0.016826923076923076 0.032432432432432434
1 0.640625 0.6945945945945946 0.015625 0.03513513513513514
1 0.7271634615384616 0.6945945945945946 0.014423076923076924 0.02702702702702703
1 0.8173076923076923 0.6945945945945946 0.01201923076923077 0.02972972972972973
1 0.9134615384615384 0.6945945945945946 0.014423076923076924 0.02972972972972973
1 0.38461538461538464 0.6945945945945946 0.013221153846153846 0.032432432432432434
1 0.9399038461538461 0.6972972972972973 0.019230769230769232 0.04594594594594595
1 0.4891826923076923 0.6972972972972973 0.013221153846153846 0.02702702702702703
1 0.421875 0.7 0.016826923076923076 0.03513513513513514
1 0.27524038461538464 0.7 0.020432692307692308 0.03783783783783784
1 0.33653846153846156 0.7 0.018028846153846152 0.051351351351351354
1 0.703125 0.7027027027027027 0.016826923076923076 0.043243243243243246
1 0.9795673076923077 0.7027027027027027 0.018028846153846152 0.03783783783783784
1 0.9567307692307693 0.7027027027027027 0.018028846153846152 0.04594594594594595
1 0.25841346153846156 0.7081081081081081 0.015625 0.03513513513513514
1 0.6322115384615384 0.7081081081081081 0.013221153846153846 0.02972972972972973
1 0.578125 0.7108108108108108 0.018028846153846152 0.032432432432432434
1 0.23677884615384615 0.7108108108108108 0.015625 0.04054054054054054
1 0.5096153846153846 0.7108108108108108 0.015625 0.04864864864864865
1 0.671875 0.7135135135135136 0.015625 0.03513513513513514
1 0.7980769230769231 0.7135135135135136 0.021634615384615384 0.04594594594594595
1 0.43028846153846156 0.7135135135135136 0.015625 0.02972972972972973
1 0.6189903846153846 0.7135135135135136 0.015625 0.03513513513513514
1 0.31490384615384615 0.7135135135135136 0.016826923076923076 0.05405405405405406
1 0.47836538461538464 0.7162162162162162 0.013221153846153846 0.02972972972972973
1 0.4050480769230769 0.7162162162162162 0.018028846153846152 0.03513513513513514
1 0.46033653846153844 0.7162162162162162 0.015625 0.03783783783783784
1 0.8701923076923077 0.7189189189189189 0.018028846153846152 0.03513513513513514
1 0.7752403846153846 0.7189189189189189 0.021634615384615384 0.051351351351351354
1 0.6875 0.7216216216216216 0.013221153846153846 0.043243243243243246
1 0.5540865384615384 0.7216216216216216 0.019230769230769232 0.04594594594594595
1 0.84375 0.7216216216216216 0.019230769230769232 0.043243243243243246
1 0.16947115384615385 0.7243243243243244 0.019230769230769232 0.04054054054054054
1 0.6574519230769231 0.7243243243243244 0.016826923076923076 0.032432432432432434
1 0.5973557692307693 0.7243243243243244 0.018028846153846152 0.043243243243243246
1 0.040865384615384616 0.7243243243243244 0.04807692307692308 0.10540540540540541
1 0.44591346153846156 0.727027027027027 0.010817307692307692 0.03513513513513514
1 0.13701923076923078 0.727027027027027 0.026442307692307692 0.05405405405405406
1 0.3737980769230769 0.727027027027027 0.014423076923076924 0.032432432432432434
1 0.9134615384615384 0.7297297297297297 0.014423076923076924 0.032432432432432434
1 0.5384615384615384 0.7297297297297297 0.018028846153846152 0.03783783783783784
1 0.9290865384615384 0.7297297297297297 0.018028846153846152 0.03513513513513514
1 0.7223557692307693 0.7297297297297297 0.019230769230769232 0.043243243243243246
1 0.18990384615384615 0.7297297297297297 0.016826923076923076 0.032432432432432434
1 0.3449519230769231 0.7297297297297297 0.016826923076923076 0.043243243243243246
1 0.390625 0.7324324324324324 0.016826923076923076 0.03783783783783784
1 0.96875 0.7324324324324324 0.015625 0.03513513513513514
1 0.7560096153846154 0.7351351351351352 0.013221153846153846 0.02972972972972973
1 0.7403846153846154 0.7351351351351352 0.016826923076923076 0.02972972972972973
1 0.890625 0.7378378378378379 0.019230769230769232 0.04864864864864865
1 0.33052884615384615 0.7405405405405405 0.01201923076923077 0.02702702702702703
1 0.8221153846153846 0.7432432432432432 0.026442307692307692 0.062162162162162166
1 0.49038461538461536 0.7432432432432432 0.013221153846153846 0.03783783783783784
1 0.2980769230769231 0.7432432432432432 0.015625 0.03513513513513514
1 0.07932692307692307 0.745945945945946 0.038461538461538464 0.05945945945945946
1 0.22235576923076922 0.745945945945946 0.019230769230769232 0.03783783783783784
1 0.359375 0.7486486486486487 0.01201923076923077 0.02702702702702703
1 0.5036057692307693 0.7486486486486487 0.014423076923076924 0.03783783783783784
1 0.6298076923076923 0.7486486486486487 0.015625 0.032432432432432434
1 0.4699519230769231 0.7513513513513513 0.015625 0.04594594594594595
1 0.40384615384615385 0.7513513513513513 0.014423076923076924 0.02972972972972973
1 0.5612980769230769 0.754054054054054 0.014423076923076924 0.032432432432432434
1 0.7019230769230769 0.754054054054054 0.02283653846153846 0.05405405405405406
1 0.4326923076923077 0.754054054054054 0.020432692307692308 0.043243243243243246
1 0.8461538461538461 0.7567567567567568 0.016826923076923076 0.03783783783783784
1 0.5228365384615384 0.7567567567567568 0.015625 0.03513513513513514
1 0.8701923076923077 0.7621621621621621 0.018028846153846152 0.03783783783783784
1 0.7932692307692307 0.7621621621621621 0.016826923076923076 0.04054054054054054
1 0.6454326923076923 0.7621621621621621 0.015625 0.03513513513513514
1 0.5829326923076923 0.7648648648648648 0.020432692307692308 0.04594594594594595
1 0.6802884615384616 0.7648648648648648 0.014423076923076924 0.04054054054054054
1 0.6009615384615384 0.7648648648648648 0.015625 0.03513513513513514
1 0.3076923076923077 0.7675675675675676 0.015625 0.02972972972972973
1 0.6165865384615384 0.07567567567567568 0.014423076923076924 0.02972972972972973
1 0.4519230769230769 0.7675675675675676 0.015625 0.02972972972972973
1 0.9375 0.7675675675675676 0.019230769230769232 0.04594594594594595
1 0.9627403846153846 0.7702702702702703 0.020432692307692308 0.03783783783783784
1 0.7355769230769231 0.7702702702702703 0.018028846153846152 0.032432432432432434
1 0.7752403846153846 0.7702702702702703 0.019230769230769232 0.043243243243243246
1 0.7536057692307693 0.772972972972973 0.018028846153846152 0.03513513513513514
1 0.5528846153846154 0.772972972972973 0.014423076923076924 0.03513513513513514
1 0.32572115384615385 0.772972972972973 0.018028846153846152 0.043243243243243246
1 0.6622596153846154 0.7756756756756756 0.018028846153846152 0.04054054054054054
1 0.6009615384615384 0.07567567567567568 0.013221153846153846 0.02702702702702703
1 0.359375 0.7783783783783784 0.01201923076923077 0.02972972972972973
1 0.9014423076923077 0.7783783783783784 0.020432692307692308 0.043243243243243246
1 0.9206730769230769 0.7783783783783784 0.015625 0.04054054054054054
1 0.4182692307692308 0.7783783783783784 0.015625 0.04054054054054054
1 0.3737980769230769 0.7810810810810811 0.01201923076923077 0.02972972972972973
1 0.34134615384615385 0.7810810810810811 0.02283653846153846 0.04054054054054054
1 0.40024038461538464 0.7810810810810811 0.020432692307692308 0.03513513513513514
1 0.8149038461538461 0.7837837837837838 0.013221153846153846 0.02972972972972973
1 0.6153846153846154 0.7837837837837838 0.013221153846153846 0.02972972972972973
1 0.10817307692307693 0.7864864864864864 0.028846153846153848 0.05945945945945946
1 0.8341346153846154 0.7864864864864864 0.019230769230769232 0.043243243243243246
1 0.42908653846153844 0.7891891891891892 0.015625 0.021621621621621623
1 0.6298076923076923 0.7918918918918919 0.013221153846153846 0.03783783783783784
1 0.018028846153846152 0.7945945945945946 0.025240384615384616 0.07297297297297298
1 0.6959134615384616 0.7945945945945946 0.014423076923076924 0.03783783783783784
1 0.47115384615384615 0.7972972972972973 0.014423076923076924 0.032432432432432434
1 0.8581730769230769 0.8 0.026442307692307692 0.04864864864864865
1 0.7427884615384616 0.8027027027027027 0.014423076923076924 0.032432432432432434
1 0.7896634615384616 0.8027027027027027 0.013221153846153846 0.032432432432432434
1 0.34975961538461536 0.07837837837837838 0.01201923076923077 0.032432432432432434
1 0.14423076923076922 0.8081081081081081 0.05048076923076923 0.10270270270270271
1 0.7584134615384616 0.8081081081081081 0.013221153846153846 0.02972972972972973
1 0.71875 0.8108108108108109 0.021634615384615384 0.051351351351351354
1 0.3870192307692308 0.8108108108108109 0.015625 0.03513513513513514
1 0.7752403846153846 0.8135135135135135 0.016826923076923076 0.03513513513513514
1 0.3473557692307692 0.8162162162162162 0.016826923076923076 0.02972972972972973
1 0.36658653846153844 0.8162162162162162 0.015625 0.03783783783783784
1 0.06971153846153846 0.8162162162162162 0.04567307692307692 0.08108108108108109
1 0.6778846153846154 0.8189189189189189 0.014423076923076924 0.032432432432432434
1 0.8100961538461539 0.8297297297297297 0.019230769230769232 0.043243243243243246
1 0.5264423076923077 0.08108108108108109 0.014423076923076924 0.02702702702702703
1 0.6658653846153846 0.8405405405405405 0.01201923076923077 0.021621621621621623
1 0.027644230769230768 0.8540540540540541 0.025240384615384616 0.06486486486486487
1 0.33413461538461536 0.08378378378378379 0.016826923076923076 0.04054054054054054
1 0.546875 0.08648648648648649 0.016826923076923076 0.03513513513513514
1 0.26322115384615385 0.08648648648648649 0.019230769230769232 0.043243243243243246
1 0.09615384615384616 0.8729729729729729 0.039663461538461536 0.07027027027027027
1 0.06370192307692307 0.8783783783783784 0.021634615384615384 0.03783783783783784
1 0.6802884615384616 0.0891891891891892 0.014423076923076924 0.032432432432432434
1 0.6418269230769231 0.0891891891891892 0.016826923076923076 0.04054054054054054
1 0.5673076923076923 0.0891891891891892 0.015625 0.03783783783783784
1 0.28966346153846156 0.0918918918918919 0.018028846153846152 0.03783783783783784
1 0.4110576923076923 0.0945945945945946 0.016826923076923076 0.03513513513513514
1 0.30649038461538464 0.0945945945945946 0.016826923076923076 0.03783783783783784
1 0.4543269230769231 0.1 0.01201923076923077 0.024324324324324326
1 0.2283653846153846 0.1 0.016826923076923076 0.03513513513513514
1 0.5889423076923077 0.10270270270270271 0.013221153846153846 0.02972972972972973
1 0.4375 0.10270270270270271 0.015625 0.032432432432432434
1 0.4951923076923077 0.10540540540540541 0.015625 0.03513513513513514
1 0.7007211538461539 0.10540540540540541 0.014423076923076924 0.03513513513513514
1 0.24759615384615385 0.10540540540540541 0.016826923076923076 0.02702702702702703
1 0.375 0.10810810810810811 0.020432692307692308 0.04864864864864865
1 0.1935096153846154 0.11351351351351352 0.01201923076923077 0.02702702702702703
1 0.2764423076923077 0.11351351351351352 0.014423076923076924 0.043243243243243246
1 0.6538461538461539 0.11351351351351352 0.015625 0.03513513513513514
1 0.5324519230769231 0.11621621621621622 0.018028846153846152 0.03513513513513514
1 0.6262019230769231 0.11621621621621622 0.013221153846153846 0.032432432432432434
1 0.3233173076923077 0.11891891891891893 0.020432692307692308 0.043243243243243246
1 0.4675480769230769 0.11891891891891893 0.018028846153846152 0.04864864864864865
1 0.6694711538461539 0.11891891891891893 0.014423076923076924 0.03783783783783784
1 0.484375 0.11891891891891893 0.01201923076923077 0.02702702702702703
1 0.5516826923076923 0.11891891891891893 0.019230769230769232 0.02972972972972973
1 0.3545673076923077 0.12162162162162163 0.019230769230769232 0.043243243243243246
1 0.29447115384615385 0.12432432432432433 0.015625 0.02972972972972973
1 0.6850961538461539 0.12432432432432433 0.015625 0.03513513513513514
1 0.5733173076923077 0.12432432432432433 0.014423076923076924 0.03783783783783784
1 0.5108173076923077 0.12432432432432433 0.009615384615384616 0.01891891891891892
1 0.45072115384615385 0.12702702702702703 0.014423076923076924 0.02972972972972973
1 0.2620192307692308 0.13243243243243244 0.020432692307692308 0.05405405405405406
1 0.42908653846153844 0.13243243243243244 0.014423076923076924 0.032432432432432434
1 0.17668269230769232 0.13513513513513514 0.013221153846153846 0.04054054054054054
1 0.7115384615384616 0.13513513513513514 0.018028846153846152 0.04054054054054054
1 0.4987980769230769 0.13513513513513514 0.009615384615384616 0.01891891891891892
1 0.5144230769230769 0.13783783783783785 0.010817307692307692 0.021621621621621623
1 0.203125 0.14054054054054055 0.014423076923076924 0.02972972972972973
1 0.7271634615384616 0.14054054054054055 0.015625 0.02702702702702703
1 0.24158653846153846 0.14054054054054055 0.015625 0.02972972972972973
1 0.2247596153846154 0.14054054054054055 0.015625 0.043243243243243246
1 0.6021634615384616 0.14324324324324325 0.015625 0.02702702702702703
1 0.4110576923076923 0.14324324324324325 0.018028846153846152 0.03513513513513514
1 0.33774038461538464 0.14594594594594595 0.014423076923076924 0.03513513513513514
1 0.3701923076923077 0.14864864864864866 0.02403846153846154 0.043243243243243246
1 0.5649038461538461 0.15135135135135136 0.013221153846153846 0.032432432432432434
1 0.47596153846153844 0.15135135135135136 0.014423076923076924 0.02972972972972973
1 0.6394230769230769 0.15135135135135136 0.019230769230769232 0.03783783783783784
1 0.5084134615384616 0.15405405405405406 0.010817307692307692 0.02702702702702703
1 0.5288461538461539 0.15405405405405406 0.015625 0.02972972972972973
1 0.2920673076923077 0.15675675675675677 0.015625 0.03513513513513514
1 0.4411057692307692 0.15675675675675677 0.013221153846153846 0.032432432432432434
1 0.7391826923076923 0.15675675675675677 0.016826923076923076 0.03513513513513514
1 0.390625 0.15675675675675677 0.016826923076923076 0.03783783783783784
1 0.5444711538461539 0.15675675675675677 0.014423076923076924 0.032432432432432434
1 0.6201923076923077 0.15945945945945947 0.013221153846153846 0.02702702702702703
1 0.4951923076923077 0.15945945945945947 0.015625 0.02702702702702703
1 0.6971153846153846 0.15945945945945947 0.013221153846153846 0.02972972972972973
1 0.5853365384615384 0.15945945945945947 0.014423076923076924 0.032432432432432434
1 0.2776442307692308 0.16216216216216217 0.013221153846153846 0.03513513513513514
1 0.671875 0.16216216216216217 0.013221153846153846 0.024324324324324326
1 0.6598557692307693 0.16486486486486487 0.01201923076923077 0.02702702702702703
1 0.4230769230769231 0.17027027027027028 0.015625 0.032432432432432434
1 0.17427884615384615 0.17027027027027028 0.015625 0.02972972972972973
1 0.19951923076923078 0.17297297297297298 0.016826923076923076 0.03783783783783784
1 0.6838942307692307 0.17297297297297298 0.01201923076923077 0.032432432432432434
1 0.35697115384615385 0.17567567567567569 0.01201923076923077 0.03513513513513514
1 0.6117788461538461 0.17567567567567569 0.01201923076923077 0.032432432432432434
1 0.3245192307692308 0.1783783783783784 0.015625 0.043243243243243246
1 0.46274038461538464 0.1783783783783784 0.016826923076923076 0.03783783783783784
1 0.5997596153846154 0.1810810810810811 0.01201923076923077 0.021621621621621623
1 0.2608173076923077 0.1810810810810811 0.016826923076923076 0.02972972972972973
1 0.7091346153846154 0.1837837837837838 0.018028846153846152 0.03513513513513514
1 0.6298076923076923 0.1837837837837838 0.015625 0.02702702702702703
1 0.5564903846153846 0.1837837837837838 0.021634615384615384 0.051351351351351354
1 0.38341346153846156 0.1864864864864865 0.016826923076923076 0.02972972972972973
1 0.5300480769230769 0.1864864864864865 0.013221153846153846 0.024324324324324326
1 0.22115384615384615 0.1864864864864865 0.015625 0.04054054054054054
1 0.30528846153846156 0.1891891891891892 0.015625 0.043243243243243246
1 0.15865384615384615 0.1891891891891892 0.020432692307692308 0.04594594594594595
1 0.6466346153846154 0.1891891891891892 0.014423076923076924 0.02972972972972973
1 0.2439903846153846 0.1891891891891892 0.016826923076923076 0.03513513513513514
1 0.48197115384615385 0.1918918918918919 0.014423076923076924 0.02972972972972973
1 0.4483173076923077 0.1918918918918919 0.015625 0.032432432432432434
1 0.5889423076923077 0.1918918918918919 0.014423076923076924 0.024324324324324326
1 0.3449519230769231 0.1945945945945946 0.01201923076923077 0.02972972972972973
1 0.6598557692307693 0.1945945945945946 0.010817307692307692 0.02702702702702703
1 0.40024038461538464 0.1945945945945946 0.013221153846153846 0.02972972972972973
1 0.7415865384615384 0.1972972972972973 0.018028846153846152 0.03783783783783784
1 0.7632211538461539 0.1972972972972973 0.016826923076923076 0.03783783783783784
1 0.7235576923076923 0.1972972972972973 0.018028846153846152 0.043243243243243246
1 0.2824519230769231 0.2 0.020432692307692308 0.043243243243243246
1 0.5721153846153846 0.2 0.01201923076923077 0.02702702702702703
1 0.18629807692307693 0.2 0.020432692307692308 0.043243243243243246
1 0.6177884615384616 0.20270270270270271 0.014423076923076924 0.02972972972972973
1 0.6754807692307693 0.20270270270270271 0.020432692307692308 0.043243243243243246
1 0.4326923076923077 0.20540540540540542 0.015625 0.04054054054054054
1 0.33533653846153844 0.20540540540540542 0.014423076923076924 0.03783783783783784
1 0.5132211538461539 0.20540540540540542 0.014423076923076924 0.03513513513513514
1 0.5444711538461539 0.20540540540540542 0.013221153846153846 0.03513513513513514
1 0.6394230769230769 0.21081081081081082 0.014423076923076924 0.021621621621621623
1 0.49759615384615385 0.21081081081081082 0.016826923076923076 0.03513513513513514
1 0.6971153846153846 0.21081081081081082 0.016826923076923076 0.04054054054054054
1 0.25961538461538464 0.21351351351351353 0.016826923076923076 0.032432432432432434
1 0.4651442307692308 0.21351351351351353 0.015625 0.02702702702702703
1 0.3737980769230769 0.21621621621621623 0.015625 0.043243243243243246
1 0.39663461538461536 0.21891891891891893 0.013221153846153846 0.032432432432432434
1 0.6237980769230769 0.21891891891891893 0.01201923076923077 0.02702702702702703
1 0.41225961538461536 0.21891891891891893 0.016826923076923076 0.043243243243243246
1 0.14423076923076922 0.21891891891891893 0.019230769230769232 0.03513513513513514
1 0.5829326923076923 0.22162162162162163 0.013221153846153846 0.02702702702702703
1 0.5961538461538461 0.22162162162162163 0.013221153846153846 0.032432432432432434
1 0.31009615384615385 0.22432432432432434 0.014423076923076924 0.043243243243243246
1 0.5264423076923077 0.22432432432432434 0.014423076923076924 0.032432432432432434
1 0.17067307692307693 0.22432432432432434 0.014423076923076924 0.02972972972972973
1 0.3545673076923077 0.22432432432432434 0.013221153846153846 0.03783783783783784
1 0.48197115384615385 0.22432432432432434 0.016826923076923076 0.03513513513513514
1 0.4495192307692308 0.22702702702702704 0.014423076923076924 0.032432432432432434
1 0.20793269230769232 0.22702702702702704 0.015625 0.03783783783783784
1 0.5721153846153846 0.22972972972972974 0.009615384615384616 0.024324324324324326
1 0.23317307692307693 0.22972972972972974 0.030048076923076924 0.062162162162162166
1 0.5552884615384616 0.22972972972972974 0.018028846153846152 0.032432432432432434
1 0.6129807692307693 0.22972972972972974 0.013221153846153846 0.024324324324324326
1 0.6622596153846154 0.22972972972972974 0.015625 0.032432432432432434
1 0.7451923076923077 0.22972972972972974 0.015625 0.032432432432432434
1 0.6875 0.23243243243243245 0.014423076923076924 0.03513513513513514
1 0.7211538461538461 0.23243243243243245 0.010817307692307692 0.024324324324324326
1 0.7319711538461539 0.23243243243243245 0.009615384615384616 0.02702702702702703
1 0.12740384615384615 0.23243243243243245 0.016826923076923076 0.03783783783783784
1 0.6358173076923077 0.23243243243243245 0.01201923076923077 0.021621621621621623
1 0.7716346153846154 0.23513513513513515 0.021634615384615384 0.04864864864864865
1 0.7055288461538461 0.23513513513513515 0.015625 0.032432432432432434
1 0.2704326923076923 0.23783783783783785 0.015625 0.03513513513513514
1 0.41947115384615385 0.24054054054054055 0.014423076923076924 0.02972972972972973
1 0.5108173076923077 0.24054054054054055 0.013221153846153846 0.03783783783783784
1 0.6262019230769231 0.24054054054054055 0.01201923076923077 0.021621621621621623
1 0.5396634615384616 0.24324324324324326 0.014423076923076924 0.02972972972972973
1 0.49759615384615385 0.24324324324324326 0.013221153846153846 0.024324324324324326
1 0.6490384615384616 0.24324324324324326 0.013221153846153846 0.032432432432432434
1 0.38221153846153844 0.24324324324324326 0.013221153846153846 0.02972972972972973
1 0.4362980769230769 0.24594594594594596 0.016826923076923076 0.04054054054054054
1 0.19591346153846154 0.24594594594594596 0.014423076923076924 0.032432432432432434
1 0.47115384615384615 0.24594594594594596 0.014423076923076924 0.02972972972972973
1 0.3389423076923077 0.24594594594594596 0.015625 0.032432432432432434
1 0.10817307692307693 0.24864864864864866 0.019230769230769232 0.04594594594594595
1 0.59375 0.24864864864864866 0.010817307692307692 0.021621621621621623
1 0.5817307692307693 0.24864864864864866 0.01201923076923077 0.02702702702702703
1 0.28846153846153844 0.25135135135135134 0.018028846153846152 0.04594594594594595
1 0.7331730769230769 0.25135135135135134 0.009615384615384616 0.021621621621621623
1 0.2512019230769231 0.25405405405405407 0.010817307692307692 0.02702702702702703
1 0.4014423076923077 0.25405405405405407 0.018028846153846152 0.03783783783783784
1 0.3233173076923077 0.25675675675675674 0.01201923076923077 0.03513513513513514
1 0.5240384615384616 0.25675675675675674 0.01201923076923077 0.032432432432432434
1 0.1502403846153846 0.25675675675675674 0.015625 0.032432432432432434
1 0.7548076923076923 0.2594594594594595 0.01201923076923077 0.02702702702702703
1 0.5685096153846154 0.26216216216216215 0.015625 0.02972972972972973
1 0.671875 0.26216216216216215 0.016826923076923076 0.03513513513513514
1 0.7211538461538461 0.26216216216216215 0.014423076923076924 0.02972972972972973
1 0.35216346153846156 0.26216216216216215 0.013221153846153846 0.02972972972972973
1 0.640625 0.26216216216216215 0.01201923076923077 0.02702702702702703
1 0.7884615384615384 0.26216216216216215 0.014423076923076924 0.032432432432432434
1 0.16947115384615385 0.26216216216216215 0.02283653846153846 0.043243243243243246
1 0.6129807692307693 0.2648648648648649 0.018028846153846152 0.024324324324324326
1 0.21875 0.2648648648648649 0.015625 0.02972972972972973
1 0.6947115384615384 0.2648648648648649 0.01201923076923077 0.021621621621621623
1 0.3701923076923077 0.26756756756756755 0.015625 0.04054054054054054
1 0.4519230769230769 0.26756756756756755 0.014423076923076924 0.02972972972972973
1 0.5516826923076923 0.2702702702702703 0.016826923076923076 0.03513513513513514
1 0.49038461538461536 0.2702702702702703 0.010817307692307692 0.03513513513513514
1 0.7692307692307693 0.27297297297297296 0.013221153846153846 0.024324324324324326
1 0.08774038461538461 0.27297297297297296 0.014423076923076924 0.04054054054054054
1 0.7079326923076923 0.2756756756756757 0.014423076923076924 0.02702702702702703
1 0.65625 0.2756756756756757 0.016826923076923076 0.02972972972972973
1 0.421875 0.2756756756756757 0.014423076923076924 0.03783783783783784
1 0.3016826923076923 0.27837837837837837 0.014423076923076924 0.024324324324324326
1 0.5036057692307693 0.27837837837837837 0.014423076923076924 0.02972972972972973
1 0.13221153846153846 0.2810810810810811 0.016826923076923076 0.043243243243243246
1 0.23798076923076922 0.2810810810810811 0.015625 0.032432432432432434
1 0.1935096153846154 0.2810810810810811 0.018028846153846152 0.03513513513513514
1 0.59375 0.28378378378378377 0.010817307692307692 0.02972972972972973
1 0.5805288461538461 0.28378378378378377 0.014423076923076924 0.024324324324324326
1 0.5348557692307693 0.28378378378378377 0.015625 0.04054054054054054
1 0.4699519230769231 0.2864864864864865 0.015625 0.03513513513513514
1 0.5192307692307693 0.2864864864864865 0.014423076923076924 0.02972972972972973
1 0.6790865384615384 0.2864864864864865 0.01201923076923077 0.02972972972972973
1 0.3389423076923077 0.2891891891891892 0.015625 0.03513513513513514
1 0.6129807692307693 0.2891891891891892 0.015625 0.032432432432432434
1 0.7463942307692307 0.2891891891891892 0.013221153846153846 0.032432432432432434
1 0.20673076923076922 0.2891891891891892 0.009615384615384616 0.024324324324324326
1 0.8004807692307693 0.2918918918918919 0.018028846153846152 0.04054054054054054
1 0.5649038461538461 0.2945945945945946 0.016826923076923076 0.02972972972972973
1 0.6947115384615384 0.2945945945945946 0.018028846153846152 0.04054054054054054
1 0.28966346153846156 0.2945945945945946 0.018028846153846152 0.02702702702702703
1 0.7235576923076923 0.2945945945945946 0.015625 0.03783783783783784
1 0.11298076923076923 0.2972972972972973 0.018028846153846152 0.04594594594594595