1 0.6105769230769231 0.29891304347826086 0.025240384615384616 0.057065217391304345
1 0.23918269230769232 0.29891304347826086 0.015625 0.03260869565217391
1 0.7788461538461539 0.3016304347826087 0.015625 0.03804347826086957
1 0.8413461538461539 0.3016304347826087 0.020432692307692308 0.04076086956521739
1 0.22235576923076922 0.30434782608695654 0.015625 0.029891304347826088
1 0.4014423076923077 0.30434782608695654 0.009615384615384616 0.029891304347826088
1 0.7403846153846154 0.30434782608695654 0.018028846153846152 0.03804347826086957
1 0.5492788461538461 0.30434782608695654 0.019230769230769232 0.035326086956521736
1 0.5072115384615384 0.30434782608695654 0.014423076923076924 0.024456521739130436
1 0.5841346153846154 0.30434782608695654 0.014423076923076924 0.029891304347826088
1 0.6358173076923077 0.3070652173913043 0.016826923076923076 0.03260869565217391
1 0.8197115384615384 0.3070652173913043 0.021634615384615384 0.03804347826086957
1 0.1622596153846154 0.3070652173913043 0.021634615384615384 0.04076086956521739
1 0.453125 0.3125 0.018028846153846152 0.03804347826086957
1 0.18269230769230768 0.3125 0.014423076923076924 0.029891304347826088
1 0.4206730769230769 0.31521739130434784 0.015625 0.029891304347826088
1 0.6706730769230769 0.3179347826086957 0.019230769230769232 0.03260869565217391
1 0.6947115384615384 0.3179347826086957 0.019230769230769232 0.04891304347826087
1 0.28966346153846156 0.3179347826086957 0.019230769230769232 0.029891304347826088
1 0.7608173076923077 0.32065217391304346 0.015625 0.03804347826086957
1 0.4891826923076923 0.32065217391304346 0.016826923076923076 0.029891304347826088
1 0.37740384615384615 0.32065217391304346 0.016826923076923076 0.043478260869565216
1 0.33774038461538464 0.32065217391304346 0.015625 0.03260869565217391
1 0.39302884615384615 0.3233695652173913 0.01201923076923077 0.021739130434782608
1 0.5228365384615384 0.3233695652173913 0.01201923076923077 0.03804347826086957
1 0.6442307692307693 0.32608695652173914 0.014423076923076924 0.029891304347826088
1 0.7139423076923077 0.32608695652173914 0.014423076923076924 0.04076086956521739
1 0.2091346153846154 0.32608695652173914 0.013221153846153846 0.029891304347826088
1 0.8581730769230769 0.328804347826087 0.021634615384615384 0.04619565217391304
1 0.25 0.328804347826087 0.015625 0.035326086956521736
1 0.4735576923076923 0.328804347826087 0.014423076923076924 0.043478260869565216
1 0.5612980769230769 0.328804347826087 0.019230769230769232 0.04076086956521739
1 0.32572115384615385 0.33152173913043476 0.014423076923076924 0.03260869565217391
1 0.921875 0.33152173913043476 0.021634615384615384 0.043478260869565216
1 0.23197115384615385 0.33152173913043476 0.016826923076923076 0.029891304347826088
1 0.27403846153846156 0.33152173913043476 0.018028846153846152 0.04076086956521739
1 0.3088942307692308 0.33152173913043476 0.01201923076923077 0.02717391304347826
1 0.5408653846153846 0.3342391304347826 0.013221153846153846 0.035326086956521736
1 0.7451923076923077 0.3342391304347826 0.013221153846153846 0.021739130434782608
1 0.7956730769230769 0.33695652173913043 0.019230769230769232 0.043478260869565216
1 0.14423076923076922 0.33695652173913043 0.021634615384615384 0.043478260869565216
1 0.5072115384615384 0.33695652173913043 0.015625 0.03260869565217391
1 0.5949519230769231 0.33695652173913043 0.018028846153846152 0.03260869565217391
1 0.4074519230769231 0.33695652173913043 0.009615384615384616 0.02717391304347826
1 0.625 0.33695652173913043 0.020432692307692308 0.043478260869565216
1 0.7307692307692307 0.33967391304347827 0.01201923076923077 0.04076086956521739
1 0.7764423076923077 0.33967391304347827 0.019230769230769232 0.043478260869565216
1 0.35216346153846156 0.3423913043478261 0.018028846153846152 0.03804347826086957
1 0.1971153846153846 0.3423913043478261 0.015625 0.035326086956521736
1 0.8329326923076923 0.3423913043478261 0.019230769230769232 0.03804347826086957
1 0.17668269230769232 0.3451086956521739 0.018028846153846152 0.035326086956521736
1 0.8930288461538461 0.35054347826086957 0.019230769230769232 0.043478260869565216
1 0.44591346153846156 0.35054347826086957 0.021634615384615384 0.043478260869565216
1 0.6802884615384616 0.3532608695652174 0.015625 0.02717391304347826
1 0.9591346153846154 0.3532608695652174 0.019230769230769232 0.051630434782608696
1 0.38461538461538464 0.3532608695652174 0.015625 0.029891304347826088
1 0.41947115384615385 0.3532608695652174 0.016826923076923076 0.03260869565217391
1 0.24158653846153846 0.35597826086956524 0.013221153846153846 0.029891304347826088
1 0.4639423076923077 0.35597826086956524 0.010817307692307692 0.02717391304347826
1 0.3701923076923077 0.35597826086956524 0.015625 0.035326086956521736
1 0.40024038461538464 0.358695652173913 0.013221153846153846 0.02717391304347826
1 0.4987980769230769 0.358695652173913 0.01201923076923077 0.029891304347826088
1 0.21394230769230768 0.358695652173913 0.014423076923076924 0.03260869565217391
1 0.6069711538461539 0.358695652173913 0.015625 0.03260869565217391
1 0.2980769230769231 0.358695652173913 0.018028846153846152 0.03804347826086957
1 0.4807692307692308 0.358695652173913 0.014423076923076924 0.029891304347826088
1 0.5336538461538461 0.358695652173913 0.013221153846153846 0.02717391304347826
1 0.8713942307692307 0.36141304347826086 0.020432692307692308 0.04619565217391304
1 0.25961538461538464 0.36141304347826086 0.013221153846153846 0.029891304347826088
1 0.6622596153846154 0.3641304347826087 0.013221153846153846 0.02717391304347826
1 0.6959134615384616 0.3641304347826087 0.016826923076923076 0.035326086956521736
1 0.8088942307692307 0.3641304347826087 0.018028846153846152 0.043478260869565216
1 0.3173076923076923 0.3641304347826087 0.021634615384615384 0.04076086956521739
1 0.5180288461538461 0.36684782608695654 0.014423076923076924 0.035326086956521736
1 0.75 0.3695652173913043 0.016826923076923076 0.024456521739130436
1 0.7139423076923077 0.3695652173913043 0.015625 0.035326086956521736
1 0.6418269230769231 0.3695652173913043 0.020432692307692308 0.043478260869565216
1 0.2824519230769231 0.3695652173913043 0.014423076923076924 0.03260869565217391
1 0.34615384615384615 0.37228260869565216 0.019230769230769232 0.04076086956521739
1 0.5492788461538461 0.375 0.018028846153846152 0.03804347826086957
1 0.6201923076923077 0.375 0.01201923076923077 0.029891304347826088
1 0.8509615384615384 0.375 0.02283653846153846 0.051630434782608696
1 0.23076923076923078 0.37771739130434784 0.013221153846153846 0.029891304347826088
1 0.42908653846153844 0.37771739130434784 0.014423076923076924 0.024456521739130436
1 0.5925480769230769 0.37771739130434784 0.01201923076923077 0.035326086956521736
1 0.14182692307692307 0.3804347826086957 0.019230769230769232 0.04076086956521739
1 0.8269230769230769 0.3804347826086957 0.016826923076923076 0.03804347826086957
1 0.9158653846153846 0.38315217391304346 0.021634615384615384 0.043478260869565216
1 0.17668269230769232 0.38315217391304346 0.018028846153846152 0.035326086956521736
1 0.5697115384615384 0.38315217391304346 0.013221153846153846 0.03260869565217391
1 0.4675480769230769 0.38315217391304346 0.014423076923076924 0.021739130434782608
1 0.9375 0.38315217391304346 0.015625 0.04076086956521739
1 0.6742788461538461 0.38315217391304346 0.01201923076923077 0.02717391304347826
1 0.7872596153846154 0.3858695652173913 0.02283653846153846 0.04891304347826087
1 0.49038461538461536 0.3858695652173913 0.01201923076923077 0.02717391304347826
1 0.37740384615384615 0.3858695652173913 0.015625 0.029891304347826088
1 0.1935096153846154 0.3858695652173913 0.015625 0.04076086956521739
1 0.53125 0.38858695652173914 0.013221153846153846 0.02717391304347826
1 0.24879807692307693 0.38858695652173914 0.019230769230769232 0.035326086956521736
1 0.7331730769230769 0.38858695652173914 0.020432692307692308 0.043478260869565216
1 0.26802884615384615 0.391304347826087 0.016826923076923076 0.03260869565217391
1 0.6514423076923077 0.391304347826087 0.014423076923076924 0.035326086956521736
1 0.4483173076923077 0.39402173913043476 0.018028846153846152 0.03804347826086957
1 0.33052884615384615 0.39402173913043476 0.014423076923076924 0.03260869565217391
1 0.3605769230769231 0.39402173913043476 0.013221153846153846 0.03804347826086957
1 0.29447115384615385 0.39402173913043476 0.013221153846153846 0.024456521739130436
1 0.21634615384615385 0.39402173913043476 0.014423076923076924 0.03260869565217391
1 0.5084134615384616 0.39402173913043476 0.015625 0.029891304347826088
1 0.7632211538461539 0.39402173913043476 0.025240384615384616 0.051630434782608696
1 0.15625 0.3967391304347826 0.019230769230769232 0.043478260869565216
1 0.12259615384615384 0.39945652173913043 0.019230769230769232 0.043478260869565216
1 0.40024038461538464 0.39945652173913043 0.016826923076923076 0.03260869565217391
1 0.6105769230769231 0.39945652173913043 0.014423076923076924 0.035326086956521736
1 0.8918269230769231 0.40217391304347827 0.02283653846153846 0.059782608695652176
1 0.47716346153846156 0.4048913043478261 0.019230769230769232 0.043478260869565216
1 0.5564903846153846 0.4076086956521739 0.013221153846153846 0.029891304347826088
1 0.5396634615384616 0.4076086956521739 0.015625 0.04076086956521739
1 0.6394230769230769 0.4076086956521739 0.013221153846153846 0.035326086956521736
1 0.31490384615384615 0.4076086956521739 0.015625 0.035326086956521736
1 0.8689903846153846 0.41032608695652173 0.020432692307692308 0.03804347826086957
1 0.4987980769230769 0.41032608695652173 0.008413461538461538 0.021739130434782608
1 0.46153846153846156 0.41032608695652173 0.010817307692307692 0.029891304347826088
1 0.28725961538461536 0.41304347826086957 0.01201923076923077 0.02717391304347826
1 0.6862980769230769 0.41304347826086957 0.009615384615384616 0.029891304347826088
1 0.5228365384615384 0.4157608695652174 0.013221153846153846 0.029891304347826088
1 0.43149038461538464 0.4157608695652174 0.020432692307692308 0.04619565217391304
1 0.24158653846153846 0.4157608695652174 0.015625 0.035326086956521736
1 0.6622596153846154 0.41847826086956524 0.01201923076923077 0.029891304347826088
1 0.38461538461538464 0.41847826086956524 0.013221153846153846 0.035326086956521736
1 0.5985576923076923 0.41847826086956524 0.015625 0.029891304347826088
1 0.25961538461538464 0.41847826086956524 0.019230769230769232 0.03804347826086957
1 0.8221153846153846 0.421195652173913 0.019230769230769232 0.03804347826086957
1 0.8028846153846154 0.421195652173913 0.018028846153846152 0.051630434782608696
1 0.5733173076923077 0.421195652173913 0.018028846153846152 0.03804347826086957
1 0.3473557692307692 0.42391304347826086 0.015625 0.03260869565217391
1 0.13701923076923078 0.42391304347826086 0.016826923076923076 0.035326086956521736
1 0.9254807692307693 0.4266304347826087 0.016826923076923076 0.029891304347826088
1 0.2980769230769231 0.4266304347826087 0.01201923076923077 0.024456521739130436
1 0.71875 0.4266304347826087 0.018028846153846152 0.03804347826086957
1 0.5108173076923077 0.4266304347826087 0.010817307692307692 0.02717391304347826
1 0.19471153846153846 0.4266304347826087 0.018028846153846152 0.04076086956521739
1 0.49158653846153844 0.42934782608695654 0.01201923076923077 0.02717391304347826
1 0.4483173076923077 0.42934782608695654 0.014423076923076924 0.029891304347826088
1 0.36899038461538464 0.42934782608695654 0.015625 0.035326086956521736
1 0.40024038461538464 0.4320652173913043 0.014423076923076924 0.03260869565217391
1 0.8449519230769231 0.4320652173913043 0.019230769230769232 0.04891304347826087
1 0.3293269230769231 0.4320652173913043 0.018028846153846152 0.035326086956521736
1 0.6971153846153846 0.4320652173913043 0.019230769230769232 0.04619565217391304
1 0.21394230769230768 0.4320652173913043 0.018028846153846152 0.03804347826086957
1 0.78125 0.4320652173913043 0.021634615384615384 0.043478260869565216
1 0.6742788461538461 0.43478260869565216 0.01201923076923077 0.029891304347826088
1 0.41586538461538464 0.43478260869565216 0.010817307692307692 0.02717391304347826
1 0.7379807692307693 0.4375 0.020432692307692308 0.04076086956521739
1 0.10817307692307693 0.4375 0.02283653846153846 0.04891304347826087
1 0.46634615384615385 0.4375 0.013221153846153846 0.021739130434782608
1 0.6298076923076923 0.4429347826086957 0.014423076923076924 0.029891304347826088
1 0.31490384615384615 0.4429347826086957 0.01201923076923077 0.021739130434782608
1 0.2764423076923077 0.44565217391304346 0.018028846153846152 0.04076086956521739
1 0.171875 0.44565217391304346 0.015625 0.035326086956521736
1 0.9891826923076923 0.44565217391304346 0.015625 0.0625
2 0.49278846153846156 0.4483695652173913 0.9771634615384616 0.8179347826086957
1 0.5036057692307693 0.4483695652173913 0.013221153846153846 0.02717391304347826
1 0.22596153846153846 0.4483695652173913 0.016826923076923076 0.035326086956521736
1 0.35697115384615385 0.45108695652173914 0.010817307692307692 0.029891304347826088
1 0.5612980769230769 0.45108695652173914 0.020432692307692308 0.04076086956521739
1 0.9158653846153846 0.45108695652173914 0.020432692307692308 0.04891304347826087
1 0.15504807692307693 0.45108695652173914 0.015625 0.035326086956521736
1 0.5372596153846154 0.453804347826087 0.010817307692307692 0.02717391304347826
1 0.8894230769230769 0.453804347826087 0.02283653846153846 0.04076086956521739
1 0.5192307692307693 0.453804347826087 0.01201923076923077 0.02717391304347826
1 0.5817307692307693 0.453804347826087 0.01201923076923077 0.02717391304347826
1 0.3870192307692308 0.45652173913043476 0.010817307692307692 0.029891304347826088
1 0.30288461538461536 0.45652173913043476 0.014423076923076924 0.03260869565217391
1 0.8689903846153846 0.45652173913043476 0.015625 0.04891304347826087
1 0.4411057692307692 0.45652173913043476 0.010817307692307692 0.02717391304347826
1 0.34615384615384615 0.4592391304347826 0.010817307692307692 0.03260869565217391
1 0.6478365384615384 0.4592391304347826 0.019230769230769232 0.043478260869565216
1 0.5973557692307693 0.4592391304347826 0.014423076923076924 0.03260869565217391
1 0.45552884615384615 0.46195652173913043 0.01201923076923077 0.02717391304347826
1 0.765625 0.46195652173913043 0.02283653846153846 0.04619565217391304
1 0.2620192307692308 0.46467391304347827 0.013221153846153846 0.02717391304347826
1 0.49038461538461536 0.46467391304347827 0.014423076923076924 0.035326086956521736
1 0.125 0.46467391304347827 0.019230769230769232 0.04891304347826087
1 0.4110576923076923 0.46467391304347827 0.008413461538461538 0.029891304347826088
1 0.28846153846153844 0.46467391304347827 0.015625 0.02717391304347826
1 0.39783653846153844 0.46467391304347827 0.014423076923076924 0.035326086956521736
1 0.09254807692307693 0.46467391304347827 0.018028846153846152 0.03260869565217391
1 0.18389423076923078 0.4701086956521739 0.013221153846153846 0.02717391304347826
1 0.671875 0.4701086956521739 0.018028846153846152 0.04076086956521739
1 0.9483173076923077 0.4701086956521739 0.019230769230769232 0.04891304347826087
1 0.37259615384615385 0.47282608695652173 0.016826923076923076 0.035326086956521736
1 0.7103365384615384 0.47282608695652173 0.019230769230769232 0.043478260869565216
1 0.47115384615384615 0.47282608695652173 0.020432692307692308 0.04076086956521739
1 0.6322115384615384 0.47282608695652173 0.010817307692307692 0.029891304347826088
1 0.8161057692307693 0.47554347826086957 0.03365384615384615 0.07336956521739131
1 0.5048076923076923 0.47554347826086957 0.01201923076923077 0.029891304347826088
1 0.328125 0.47554347826086957 0.015625 0.02717391304347826
1 0.24278846153846154 0.47554347826086957 0.02283653846153846 0.051630434782608696
1 0.21394230769230768 0.4782608695652174 0.016826923076923076 0.03804347826086957
1 0.5528846153846154 0.4782608695652174 0.01201923076923077 0.024456521739130436
1 0.6225961538461539 0.4782608695652174 0.01201923076923077 0.03260869565217391
1 0.7307692307692307 0.48097826086956524 0.01201923076923077 0.043478260869565216
1 0.7884615384615384 0.48097826086956524 0.020432692307692308 0.04619565217391304
1 0.6911057692307693 0.48097826086956524 0.019230769230769232 0.043478260869565216
1 0.17307692307692307 0.483695652173913 0.010817307692307692 0.024456521739130436
1 0.5240384615384616 0.483695652173913 0.010817307692307692 0.02717391304347826
1 0.5709134615384616 0.483695652173913 0.018028846153846152 0.029891304347826088
1 0.5384615384615384 0.483695652173913 0.013221153846153846 0.02717391304347826
1 0.29927884615384615 0.483695652173913 0.010817307692307692 0.02717391304347826
1 0.5877403846153846 0.48641304347826086 0.014423076923076924 0.02717391304347826
1 0.84375 0.48641304347826086 0.015625 0.04076086956521739
1 0.4266826923076923 0.48641304347826086 0.02403846153846154 0.05434782608695652
1 0.15384615384615385 0.48641304347826086 0.016826923076923076 0.03260869565217391
1 0.2800480769230769 0.4891304347826087 0.014423076923076924 0.02717391304347826
1 0.3581730769230769 0.49184782608695654 0.018028846153846152 0.03804347826086957
1 0.4423076923076923 0.4945652173913043 0.004807692307692308 0.019021739130434784
1 0.6057692307692307 0.4945652173913043 0.018028846153846152 0.035326086956521736
1 0.4567307692307692 0.4945652173913043 0.016826923076923076 0.03804347826086957
1 0.6418269230769231 0.4945652173913043 0.013221153846153846 0.02717391304347826
1 0.5132211538461539 0.4945652173913043 0.009615384615384616 0.024456521739130436
1 0.3401442307692308 0.49728260869565216 0.014423076923076924 0.03260869565217391
1 0.1310096153846154 0.49728260869565216 0.013221153846153846 0.024456521739130436
1 0.9723557692307693 0.49728260869565216 0.030048076923076924 0.07065217391304347
1 0.3137019230769231 0.49728260869565216 0.018028846153846152 0.043478260869565216
1 0.7475961538461539 0.5 0.018028846153846152 0.035326086956521736
1 0.8665865384615384 0.5 0.02283653846153846 0.04076086956521739
1 0.25961538461538464 0.5027173913043478 0.014423076923076924 0.03260869565217391
1 0.19230769230769232 0.5027173913043478 0.021634615384615384 0.04076086956521739
1 0.6754807692307693 0.5054347826086957 0.014423076923076924 0.02717391304347826
1 0.53125 0.5054347826086957 0.008413461538461538 0.021739130434782608
1 0.5012019230769231 0.5054347826086957 0.013221153846153846 0.024456521739130436
1 0.6598557692307693 0.5054347826086957 0.016826923076923076 0.04619565217391304
1 0.4855769230769231 0.5054347826086957 0.018028846153846152 0.04076086956521739
1 0.4050480769230769 0.5081521739130435 0.020432692307692308 0.043478260869565216
1 0.3293269230769231 0.5081521739130435 0.01201923076923077 0.029891304347826088
1 0.8954326923076923 0.5108695652173914 0.026442307692307692 0.05434782608695652
1 0.7692307692307693 0.5108695652173914 0.020432692307692308 0.04619565217391304
1 0.5612980769230769 0.5135869565217391 0.013221153846153846 0.029891304347826088
1 0.09975961538461539 0.5163043478260869 0.016826923076923076 0.03804347826086957
1 0.6262019230769231 0.5163043478260869 0.016826923076923076 0.043478260869565216
1 0.5456730769230769 0.5163043478260869 0.015625 0.043478260869565216
1 0.578125 0.5190217391304348 0.016826923076923076 0.029891304347826088
1 0.7235576923076923 0.5190217391304348 0.020432692307692308 0.03804347826086957
1 0.30288461538461536 0.5217391304347826 0.015625 0.03804347826086957
1 0.078125 0.5217391304347826 0.016826923076923076 0.03804347826086957
1 0.28125 0.5217391304347826 0.018028846153846152 0.04076086956521739
1 0.47115384615384615 0.5244565217391305 0.014423076923076924 0.029891304347826088
1 0.5192307692307693 0.5244565217391305 0.008413461538461538 0.02717391304347826
1 0.1466346153846154 0.5244565217391305 0.016826923076923076 0.035326086956521736
1 0.8329326923076923 0.5244565217391305 0.019230769230769232 0.051630434782608696
1 0.7884615384615384 0.5244565217391305 0.016826923076923076 0.035326086956521736
1 0.37259615384615385 0.5271739130434783 0.015625 0.04619565217391304
1 0.6418269230769231 0.5271739130434783 0.01201923076923077 0.029891304347826088
1 0.4423076923076923 0.5271739130434783 0.007211538461538462 0.019021739130434784
1 0.7043269230769231 0.5271739130434783 0.015625 0.04619565217391304
1 0.24158653846153846 0.5271739130434783 0.016826923076923076 0.04076086956521739
1 0.1201923076923077 0.5271739130434783 0.02283653846153846 0.04619565217391304
1 0.17307692307692307 0.5271739130434783 0.018028846153846152 0.04076086956521739
1 0.31971153846153844 0.529891304347826 0.01201923076923077 0.02717391304347826
1 0.03365384615384615 0.529891304347826 0.020432692307692308 0.03804347826086957
1 0.43028846153846156 0.529891304347826 0.013221153846153846 0.029891304347826088
1 0.22115384615384615 0.532608695652174 0.02403846153846154 0.059782608695652176
1 0.45552884615384615 0.532608695652174 0.015625 0.035326086956521736
1 0.3858173076923077 0.532608695652174 0.015625 0.035326086956521736
1 0.8088942307692307 0.532608695652174 0.020432692307692308 0.035326086956521736
1 0.3545673076923077 0.532608695652174 0.018028846153846152 0.04076086956521739
1 0.6538461538461539 0.5353260869565217 0.013221153846153846 0.035326086956521736
1 0.5336538461538461 0.5353260869565217 0.015625 0.03804347826086957
1 0.4182692307692308 0.5380434782608695 0.018028846153846152 0.04619565217391304
1 0.8521634615384616 0.5380434782608695 0.020432692307692308 0.051630434782608696
1 0.33413461538461536 0.5380434782608695 0.013221153846153846 0.029891304347826088
1 0.5060096153846154 0.5380434782608695 0.016826923076923076 0.03804347826086957
1 0.6790865384615384 0.5380434782608695 0.013221153846153846 0.035326086956521736
1 0.25841346153846156 0.5407608695652174 0.014423076923076924 0.03260869565217391
1 0.31850961538461536 0.05434782608695652 0.019230769230769232 0.019021739130434784
1 0.054086538461538464 0.5434782608695652 0.019230769230769232 0.04076086956521739
1 0.6141826923076923 0.5461956521739131 0.013221153846153846 0.035326086956521736
1 0.5961538461538461 0.5461956521739131 0.018028846153846152 0.04619565217391304
1 0.13701923076923078 0.5461956521739131 0.015625 0.035326086956521736
1 0.7403846153846154 0.5489130434782609 0.020432692307692308 0.043478260869565216
1 0.4014423076923077 0.5489130434782609 0.018028846153846152 0.035326086956521736
1 0.5516826923076923 0.5489130434782609 0.015625 0.03804347826086957
1 0.15745192307692307 0.5489130434782609 0.018028846153846152 0.04076086956521739
1 0.6334134615384616 0.5489130434782609 0.010817307692307692 0.021739130434782608
1 0.9459134615384616 0.5489130434782609 0.04447115384615385 0.09510869565217392
1 0.48197115384615385 0.5516304347826086 0.014423076923076924 0.035326086956521736
1 0.8762019230769231 0.5516304347826086 0.026442307692307692 0.04076086956521739
1 0.4423076923076923 0.5516304347826086 0.009615384615384616 0.03260869565217391
1 0.19110576923076922 0.5516304347826086 0.015625 0.04076086956521739
1 0.02283653846153846 0.5543478260869565 0.013221153846153846 0.024456521739130436
1 0.9855769230769231 0.5543478260869565 0.02283653846153846 0.07880434782608696
1 0.46634615384615385 0.5543478260869565 0.014423076923076924 0.03260869565217391
1 0.36778846153846156 0.5597826086956522 0.013221153846153846 0.03260869565217391
1 0.5757211538461539 0.5597826086956522 0.013221153846153846 0.02717391304347826
1 0.7752403846153846 0.5625 0.019230769230769232 0.04619565217391304
1 0.5216346153846154 0.5652173913043478 0.015625 0.035326086956521736
1 0.28725961538461536 0.5652173913043478 0.015625 0.03260869565217391
1 0.7211538461538461 0.5652173913043478 0.019230769230769232 0.043478260869565216
1 0.1141826923076923 0.5652173913043478 0.016826923076923076 0.04076086956521739
1 0.09375 0.5679347826086957 0.019230769230769232 0.04619565217391304
1 0.24879807692307693 0.5679347826086957 0.018028846153846152 0.03804347826086957
1 0.640625 0.5706521739130435 0.015625 0.035326086956521736
1 0.3137019230769231 0.5706521739130435 0.015625 0.03804347826086957
1 0.07091346153846154 0.5706521739130435 0.02403846153846154 0.04891304347826087
1 0.5384615384615384 0.5733695652173914 0.015625 0.029891304347826088
1 0.5625 0.5733695652173914 0.014423076923076924 0.035326086956521736
1 0.33774038461538464 0.057065217391304345 0.014423076923076924 0.024456521739130436
1 0.8269230769230769 0.5733695652173914 0.019230769230769232 0.04076086956521739
1 0.3786057692307692 0.5760869565217391 0.019230769230769232 0.03260869565217391
1 0.33413461538461536 0.5760869565217391 0.014423076923076924 0.04076086956521739
1 0.265625 0.5760869565217391 0.013221153846153846 0.04076086956521739
1 0.6045673076923077 0.5760869565217391 0.010817307692307692 0.02717391304347826
1 0.6850961538461539 0.5760869565217391 0.015625 0.035326086956521736
1 0.6598557692307693 0.5760869565217391 0.026442307692307692 0.06521739130434782
1 0.7992788461538461 0.5788043478260869 0.027644230769230768 0.07065217391304347
1 0.49278846153846156 0.5788043478260869 0.013221153846153846 0.03260869565217391
1 0.5084134615384616 0.5788043478260869 0.014423076923076924 0.03260869565217391
1 0.43149038461538464 0.5815217391304348 0.016826923076923076 0.03260869565217391
1 0.2127403846153846 0.5842391304347826 0.020432692307692308 0.051630434782608696
1 0.030048076923076924 0.5842391304347826 0.019230769230769232 0.03804347826086957
1 0.45552884615384615 0.5869565217391305 0.013221153846153846 0.02717391304347826
1 0.12860576923076922 0.5869565217391305 0.018028846153846152 0.04076086956521739
1 0.47836538461538464 0.5869565217391305 0.015625 0.029891304347826088
1 0.41346153846153844 0.5869565217391305 0.015625 0.035326086956521736
1 0.7019230769230769 0.5869565217391305 0.020432692307692308 0.035326086956521736
1 0.1466346153846154 0.5896739130434783 0.016826923076923076 0.03804347826086957
1 0.8461538461538461 0.5896739130434783 0.009615384615384616 0.051630434782608696
1 0.23197115384615385 0.5896739130434783 0.013221153846153846 0.03260869565217391
1 0.8605769230769231 0.592391304347826 0.020432692307692308 0.029891304347826088
1 0.3954326923076923 0.592391304347826 0.016826923076923076 0.029891304347826088
1 0.5901442307692307 0.592391304347826 0.013221153846153846 0.03260869565217391
1 0.17427884615384615 0.592391304347826 0.019230769230769232 0.04076086956521739
1 0.6141826923076923 0.595108695652174 0.014423076923076924 0.03260869565217391
1 0.36658653846153844 0.5978260869565217 0.015625 0.03804347826086957
1 0.5252403846153846 0.5978260869565217 0.015625 0.035326086956521736
1 0.6995192307692307 0.059782608695652176 0.015625 0.035326086956521736
1 0.3473557692307692 0.6005434782608695 0.013221153846153846 0.02717391304347826
1 0.1935096153846154 0.6032608695652174 0.015625 0.04891304347826087
1 0.7620192307692307 0.6032608695652174 0.02283653846153846 0.051630434782608696
1 0.9158653846153846 0.6032608695652174 0.028846153846153848 0.06793478260869565
1 0.3076923076923077 0.6032608695652174 0.014423076923076924 0.029891304347826088
1 0.71875 0.059782608695652176 0.019230769230769232 0.04076086956521739
1 0.6286057692307693 0.6059782608695652 0.013221153846153846 0.035326086956521736
1 0.546875 0.6086956521739131 0.019230769230769232 0.035326086956521736
1 0.44471153846153844 0.6086956521739131 0.018028846153846152 0.029891304347826088
1 0.78125 0.6086956521739131 0.018028846153846152 0.04076086956521739
1 0.0985576923076923 0.6114130434782609 0.015625 0.035326086956521736
1 0.28846153846153844 0.6114130434782609 0.010817307692307692 0.02717391304347826
1 0.4987980769230769 0.6114130434782609 0.013221153846153846 0.021739130434782608
1 0.46634615384615385 0.6141304347826086 0.016826923076923076 0.04076086956521739
1 0.6766826923076923 0.6141304347826086 0.014423076923076924 0.02717391304347826
1 0.9747596153846154 0.6141304347826086 0.03485576923076923 0.08423913043478261
1 0.078125 0.6141304347826086 0.015625 0.043478260869565216
1 0.0625 0.6141304347826086 0.015625 0.035326086956521736
1 0.8173076923076923 0.6168478260869565 0.018028846153846152 0.03804347826086957
1 0.578125 0.6168478260869565 0.015625 0.035326086956521736
1 0.24519230769230768 0.6168478260869565 0.014423076923076924 0.035326086956521736
1 0.5132211538461539 0.6195652173913043 0.010817307692307692 0.029891304347826088
1 0.6009615384615384 0.6222826086956522 0.013221153846153846 0.02717391304347826
1 0.26802884615384615 0.6222826086956522 0.020432692307692308 0.043478260869565216
1 0.38341346153846156 0.6222826086956522 0.018028846153846152 0.04076086956521739
1 0.040865384615384616 0.625 0.021634615384615384 0.043478260869565216
1 0.33052884615384615 0.625 0.02403846153846154 0.051630434782608696
1 0.7079326923076923 0.625 0.019230769230769232 0.04619565217391304
1 0.6394230769230769 0.625 0.01201923076923077 0.035326086956521736
1 0.4807692307692308 0.625 0.009615384615384616 0.024456521739130436
1 0.4170673076923077 0.6304347826086957 0.014423076923076924 0.035326086956521736
1 0.20793269230769232 0.6304347826086957 0.020432692307692308 0.04076086956521739
1 0.13942307692307693 0.6304347826086957 0.019230769230769232 0.03804347826086957
1 0.6911057692307693 0.6304347826086957 0.015625 0.035326086956521736
1 0.8341346153846154 0.6304347826086957 0.016826923076923076 0.04076086956521739
1 0.7980769230769231 0.6331521739130435 0.019230769230769232 0.04076086956521739
0 0.7379807692307693 0.6331521739130435 0.04567307692307692 0.5706521739130435
1 0.5637019230769231 0.6331521739130435 0.01201923076923077 0.029891304347826088
1 0.65625 0.6358695652173914 0.01201923076923077 0.03260869565217391
1 0.5901442307692307 0.6358695652173914 0.01201923076923077 0.02717391304347826
1 0.5240384615384616 0.6358695652173914 0.010817307692307692 0.029891304347826088
1 0.3125 0.6385869565217391 0.014423076923076924 0.03260869565217391
1 0.49278846153846156 0.6385869565217391 0.010817307692307692 0.024456521739130436
1 0.4338942307692308 0.6385869565217391 0.014423076923076924 0.03804347826086957
1 0.5372596153846154 0.6385869565217391 0.013221153846153846 0.03260869565217391
1 0.7487980769230769 0.6385869565217391 0.018028846153846152 0.04076086956521739
1 0.11177884615384616 0.6385869565217391 0.021634615384615384 0.04891304347826087
1 0.1778846153846154 0.6385869565217391 0.02283653846153846 0.043478260869565216
1 0.6153846153846154 0.6413043478260869 0.019230769230769232 0.04076086956521739
1 0.9495192307692307 0.6413043478260869 0.025240384615384616 0.06521739130434782
1 0.36899038461538464 0.0625 0.013221153846153846 0.024456521739130436
1 0.8545673076923077 0.6440217391304348 0.020432692307692308 0.04076086956521739
1 0.4543269230769231 0.6440217391304348 0.016826923076923076 0.03260869565217391
1 0.5060096153846154 0.6440217391304348 0.015625 0.024456521739130436
1 0.6706730769230769 0.6467391304347826 0.01201923076923077 0.03260869565217391
1 0.4014423076923077 0.6467391304347826 0.015625 0.043478260869565216
1 0.5528846153846154 0.6494565217391305 0.013221153846153846 0.03260869565217391
1 0.35336538461538464 0.6494565217391305 0.019230769230769232 0.051630434782608696
1 0.7668269230769231 0.6521739130434783 0.018028846153846152 0.03804347826086957
1 0.0889423076923077 0.6521739130434783 0.019230769230769232 0.043478260869565216
1 0.07091346153846154 0.6521739130434783 0.02283653846153846 0.043478260869565216
1 0.47596153846153844 0.6521739130434783 0.01201923076923077 0.03260869565217391
1 0.22596153846153846 0.654891304347826 0.013221153846153846 0.04076086956521739
1 0.15504807692307693 0.654891304347826 0.02403846153846154 0.04891304347826087
1 0.6334134615384616 0.06521739130434782 0.015625 0.02717391304347826
1 0.24158653846153846 0.654891304347826 0.016826923076923076 0.03804347826086957
1 0.8173076923076923 0.654891304347826 0.013221153846153846 0.035326086956521736
1 0.6838942307692307 0.654891304347826 0.013221153846153846 0.02717391304347826
1 0.5793269230769231 0.654891304347826 0.014423076923076924 0.03260869565217391
1 0.7331730769230769 0.657608695652174 0.013221153846153846 0.03804347826086957
1 0.7860576923076923 0.657608695652174 0.015625 0.03260869565217391
1 0.2956730769230769 0.657608695652174 0.01201923076923077 0.03804347826086957
1 0.6021634615384616 0.657608695652174 0.018028846153846152 0.03260869565217391
1 0.2800480769230769 0.657608695652174 0.014423076923076924 0.035326086956521736
1 0.7151442307692307 0.657608695652174 0.015625 0.04076086956521739
1 0.6995192307692307 0.657608695652174 0.015625 0.035326086956521736
1 0.1971153846153846 0.6630434782608695 0.016826923076923076 0.04619565217391304
1 0.6418269230769231 0.6630434782608695 0.015625 0.03804347826086957
1 0.040865384615384616 0.6630434782608695 0.018028846153846152 0.03804347826086957
1 0.3737980769230769 0.6630434782608695 0.019230769230769232 0.05434782608695652
1 0.014423076923076924 0.6657608695652174 0.019230769230769232 0.043478260869565216
1 0.5649038461538461 0.6684782608695652 0.013221153846153846 0.02717391304347826
1 0.26322115384615385 0.6711956521739131 0.014423076923076924 0.04076086956521739
1 0.8918269230769231 0.6711956521739131 0.03365384615384615 0.08967391304347826
1 0.7548076923076923 0.06521739130434782 0.020432692307692308 0.04891304347826087
1 0.41947115384615385 0.6739130434782609 0.020432692307692308 0.04891304347826087
1 0.9242788461538461 0.6766304347826086 0.03125 0.08423913043478261
1 0.4423076923076923 0.6766304347826086 0.016826923076923076 0.03804347826086957
1 0.9867788461538461 0.6793478260869565 0.019230769230769232 0.0625
1 0.6790865384615384 0.06793478260869565 0.010817307692307692 0.029891304347826088
1 0.46153846153846156 0.6793478260869565 0.020432692307692308 0.05434782608695652
1 0.5889423076923077 0.6793478260869565 0.015625 0.02717391304347826
1 0.5420673076923077 0.6793478260869565 0.013221153846153846 0.03260869565217391
1 0.75 0.6820652173913043 0.014423076923076924 0.03804347826086957
1 0.34134615384615385 0.6820652173913043 0.019230769230769232 0.051630434782608696
1 0.4807692307692308 0.6820652173913043 0.013221153846153846 0.035326086956521736
1 0.8365384615384616 0.6820652173913043 0.019230769230769232 0.03804347826086957
1 0.5240384615384616 0.6847826086956522 0.018028846153846152 0.029891304347826088
1 0.31490384615384615 0.6847826086956522 0.016826923076923076 0.03804347826086957
1 0.16947115384615385 0.6847826086956522 0.015625 0.035326086956521736
1 0.3942307692307692 0.6847826086956522 0.018028846153846152 0.04619565217391304
1 0.7920673076923077 0.6875 0.016826923076923076 0.03804347826086957
1 0.6298076923076923 0.6875 0.015625 0.04076086956521739
1 0.6045673076923077 0.6902173913043478 0.01201923076923077 0.029891304347826088
1 0.8112980769230769 0.6902173913043478 0.016826923076923076 0.03804347826086957
1 0.7740384615384616 0.6902173913043478 0.014423076923076924 0.029891304347826088
1 0.1045673076923077 0.6902173913043478 0.018028846153846152 0.04891304347826087
1 0.5564903846153846 0.6929347826086957 0.014423076923076924 0.03260869565217391
1 0.7067307692307693 0.6956521739130435 0.016826923076923076 0.035326086956521736
1 0.24759615384615385 0.6956521739130435 0.019230769230769232 0.04891304347826087
1 0.14182692307692307 0.6956521739130435 0.016826923076923076 0.03260869565217391
1 0.359375 0.6983695652173914 0.015625 0.035326086956521736
1 0.27283653846153844 0.6983695652173914 0.014423076923076924 0.02717391304347826
1 0.18269230769230768 0.6983695652173914 0.01201923076923077 0.029891304347826088
1 0.08653846153846154 0.6983695652173914 0.014423076923076924 0.029891304347826088
1 0.6153846153846154 0.6983695652173914 0.013221153846153846 0.03260869565217391
1 0.06009615384615385 0.7010869565217391 0.019230769230769232 0.04619565217391304
1 0.5108173076923077 0.7010869565217391 0.013221153846153846 0.02717391304347826
1 0.578125 0.7038043478260869 0.016826923076923076 0.035326086956521736
1 0.7247596153846154 0.7038043478260869 0.020432692307692308 0.03804347826086957
1 0.6634615384615384 0.7038043478260869 0.018028846153846152 0.051630434782608696
1 0.296875 0.7065217391304348 0.016826923076923076 0.043478260869565216
1 0.020432692307692308 0.7065217391304348 0.018028846153846152 0.03804347826086957
1 0.04326923076923077 0.7065217391304348 0.018028846153846152 0.04619565217391304
1 0.7415865384615384 0.7119565217391305 0.015625 0.035326086956521736
1 0.36778846153846156 0.7119565217391305 0.013221153846153846 0.029891304347826088
1 0.421875 0.7146739130434783 0.018028846153846152 0.03260869565217391
1 0.7632211538461539 0.7146739130434783 0.015625 0.04076086956521739
1 0.49038461538461536 0.7146739130434783 0.015625 0.04891304347826087
1 0.328125 0.717391304347826 0.015625 0.035326086956521736
1 0.20192307692307693 0.717391304347826 0.021634615384615384 0.04619565217391304
1 0.5697115384615384 0.717391304347826 0.015625 0.029891304347826088
1 0.38100961538461536 0.717391304347826 0.015625 0.035326086956521736
1 0.6850961538461539 0.717391304347826 0.016826923076923076 0.05434782608695652
1 0.5216346153846154 0.720108695652174 0.013221153846153846 0.029891304347826088
1 0.5949519230769231 0.720108695652174 0.018028846153846152 0.035326086956521736
1 0.5396634615384616 0.720108695652174 0.015625 0.03804347826086957
1 0.12980769230769232 0.7228260869565217 0.018028846153846152 0.035326086956521736
1 0.2247596153846154 0.7228260869565217 0.021634615384615384 0.051630434782608696
1 0.3125 0.7255434782608695 0.013221153846153846 0.043478260869565216
1 0.44591346153846156 0.7255434782608695 0.019230769230769232 0.04619565217391304
1 0.15625 0.7255434782608695 0.019230769230769232 0.043478260869565216
1 0.8305288461538461 0.7282608695652174 0.019230769230769232 0.04076086956521739
1 0.3425480769230769 0.7282608695652174 0.016826923076923076 0.03260869565217391
1 0.4026442307692308 0.7282608695652174 0.018028846153846152 0.043478260869565216
1 0.9591346153846154 0.7282608695652174 0.04807692307692308 0.10597826086956522
1 0.5540865384615384 0.7309782608695652 0.010817307692307692 0.035326086956521736
1 0.8629807692307693 0.7309782608695652 0.026442307692307692 0.05434782608695652
1 0.6262019230769231 0.7309782608695652 0.014423076923076924 0.03260869565217391
1 0.08653846153846154 0.7336956521739131 0.014423076923076924 0.03260869565217391
1 0.46153846153846156 0.7336956521739131 0.018028846153846152 0.03804347826086957
1 0.07091346153846154 0.7336956521739131 0.018028846153846152 0.035326086956521736
1 0.2776442307692308 0.7336956521739131 0.019230769230769232 0.043478260869565216
1 0.8100961538461539 0.7336956521739131 0.016826923076923076 0.03260869565217391
1 0.6550480769230769 0.7336956521739131 0.016826923076923076 0.043478260869565216
1 0.609375 0.7364130434782609 0.016826923076923076 0.03804347826086957
1 0.03125 0.7364130434782609 0.015625 0.035326086956521736
1 0.2439903846153846 0.7391304347826086 0.013221153846153846 0.029891304347826088
1 0.25961538461538464 0.7391304347826086 0.016826923076923076 0.029891304347826088
1 0.109375 0.7418478260869565 0.019230769230769232 0.04891304347826087
1 0.6694711538461539 0.7445652173913043 0.01201923076923077 0.02717391304347826
1 0.1778846153846154 0.7472826086956522 0.026442307692307692 0.0625
1 0.5096153846153846 0.7472826086956522 0.013221153846153846 0.03804347826086957
1 0.7019230769230769 0.7472826086956522 0.015625 0.035326086956521736
1 0.9206730769230769 0.75 0.038461538461538464 0.059782608695652176
1 0.7776442307692307 0.75 0.019230769230769232 0.03804347826086957
1 0.640625 0.7527173913043478 0.01201923076923077 0.02717391304347826
1 0.4963942307692308 0.7527173913043478 0.014423076923076924 0.03804347826086957
1 0.3701923076923077 0.7527173913043478 0.015625 0.03260869565217391
1 0.5300480769230769 0.7554347826086957 0.015625 0.04619565217391304
1 0.5961538461538461 0.7554347826086957 0.014423076923076924 0.029891304347826088
1 0.4387019230769231 0.7581521739130435 0.014423076923076924 0.03260869565217391
1 0.2980769230769231 0.7581521739130435 0.02283653846153846 0.05434782608695652
1 0.5673076923076923 0.7581521739130435 0.020432692307692308 0.043478260869565216
1 0.15384615384615385 0.7608695652173914 0.016826923076923076 0.03804347826086957
1 0.47716346153846156 0.7608695652173914 0.015625 0.035326086956521736
1 0.12980769230769232 0.7663043478260869 0.018028846153846152 0.03804347826086957
1 0.20673076923076922 0.7663043478260869 0.016826923076923076 0.04076086956521739
1 0.3545673076923077 0.7663043478260869 0.015625 0.035326086956521736
1 0.4170673076923077 0.7690217391304348 0.020432692307692308 0.04619565217391304
1 0.31971153846153844 0.7690217391304348 0.014423076923076924 0.04076086956521739
1 0.39903846153846156 0.7690217391304348 0.015625 0.035326086956521736
1 0.6923076923076923 0.7717391304347826 0.015625 0.029891304347826088
1 0.38341346153846156 0.07608695652173914 0.014423076923076924 0.029891304347826088
1 0.5480769230769231 0.7717391304347826 0.015625 0.029891304347826088
1 0.0625 0.7717391304347826 0.019230769230769232 0.04619565217391304
1 0.037259615384615384 0.7744565217391305 0.020432692307692308 0.03804347826086957
1 0.2644230769230769 0.7744565217391305 0.018028846153846152 0.03260869565217391
1 0.2247596153846154 0.7744565217391305 0.019230769230769232 0.043478260869565216
1 0.24639423076923078 0.7771739130434783 0.018028846153846152 0.035326086956521736
1 0.44711538461538464 0.7771739130434783 0.014423076923076924 0.035326086956521736
1 0.6742788461538461 0.7771739130434783 0.018028846153846152 0.043478260869565216
1 0.33774038461538464 0.779891304347826 0.018028846153846152 0.04076086956521739
1 0.39903846153846156 0.07608695652173914 0.013221153846153846 0.02717391304347826
1 0.640625 0.782608695652174 0.01201923076923077 0.029891304347826088
1 0.0985576923076923 0.782608695652174 0.020432692307692308 0.043478260869565216
1 0.07932692307692307 0.782608695652174 0.015625 0.04076086956521739
1 0.5817307692307693 0.782608695652174 0.015625 0.04076086956521739
1 0.6262019230769231 0.7853260869565217 0.01201923076923077 0.029891304347826088
1 0.6586538461538461 0.7853260869565217 0.02283653846153846 0.04076086956521739
1 0.5997596153846154 0.7853260869565217 0.020432692307692308 0.035326086956521736
1 0.18509615384615385 0.7880434782608695 0.013221153846153846 0.029891304347826088
1 0.38461538461538464 0.7880434782608695 0.013221153846153846 0.029891304347826088
1 0.8918269230769231 0.7907608695652174 0.028846153846153848 0.059782608695652176
1 0.1658653846153846 0.7907608695652174 0.019230769230769232 0.043478260869565216
1 0.5709134615384616 0.7934782608695652 0.015625 0.021739130434782608
1 0.3701923076923077 0.7961956521739131 0.013221153846153846 0.03804347826086957
1 0.9819711538461539 0.7989130434782609 0.025240384615384616 0.07336956521739131
1 0.30408653846153844 0.7989130434782609 0.014423076923076924 0.03804347826086957
1 0.5288461538461539 0.8016304347826086 0.014423076923076924 0.03260869565217391
1 0.14182692307692307 0.8043478260869565 0.026442307692307692 0.04891304347826087
1 0.25721153846153844 0.8070652173913043 0.014423076923076924 0.03260869565217391
1 0.21033653846153846 0.8070652173913043 0.013221153846153846 0.03260869565217391
1 0.6502403846153846 0.07880434782608696 0.01201923076923077 0.03260869565217391
1 0.8557692307692307 0.8125 0.05048076923076923 0.10326086956521739
1 0.24158653846153846 0.8125 0.013221153846153846 0.029891304347826088
1 0.28125 0.8152173913043478 0.021634615384615384 0.051630434782608696
1 0.6129807692307693 0.8152173913043478 0.015625 0.035326086956521736
1 0.2247596153846154 0.8179347826086957 0.016826923076923076 0.035326086956521736
1 0.6526442307692307 0.8206521739130435 0.016826923076923076 0.029891304347826088
1 0.6334134615384616 0.8206521739130435 0.015625 0.03804347826086957
1 0.9302884615384616 0.8206521739130435 0.04567307692307692 0.08152173913043478
1 0.32211538461538464 0.8233695652173914 0.014423076923076924 0.03260869565217391
1 0.18990384615384615 0.8342391304347826 0.019230769230769232 0.043478260869565216
1 0.4735576923076923 0.08152173913043478 0.014423076923076924 0.02717391304347826
1 0.33413461538461536 0.845108695652174 0.01201923076923077 0.021739130434782608
1 0.9723557692307693 0.8586956521739131 0.025240384615384616 0.06521739130434782
1 0.6658653846153846 0.08423913043478261 0.016826923076923076 0.04076086956521739
1 0.453125 0.08695652173913043 0.016826923076923076 0.035326086956521736
1 0.7367788461538461 0.08695652173913043 0.019230769230769232 0.043478260869565216
1 0.9038461538461539 0.8777173913043478 0.039663461538461536 0.07065217391304347
1 0.9362980769230769 0.8831521739130435 0.021634615384615384 0.03804347826086957
1 0.31971153846153844 0.08967391304347826 0.014423076923076924 0.03260869565217391
1 0.3581730769230769 0.08967391304347826 0.016826923076923076 0.04076086956521739
1 0.4326923076923077 0.08967391304347826 0.015625 0.03804347826086957
1 0.7103365384615384 0.09239130434782608 0.018028846153846152 0.03804347826086957
1 0.5889423076923077 0.09510869565217392 0.016826923076923076 0.035326086956521736
1 0.6935096153846154 0.09510869565217392 0.016826923076923076 0.03804347826086957
1 0.5456730769230769 0.10054347826086957 0.01201923076923077 0.024456521739130436
1 0.7716346153846154 0.10054347826086957 0.016826923076923076 0.035326086956521736
1 0.4110576923076923 0.10326086956521739 0.013221153846153846 0.029891304347826088
1 0.5625 0.10326086956521739 0.015625 0.03260869565217391
1 0.5048076923076923 0.10597826086956522 0.015625 0.035326086956521736
1 0.29927884615384615 0.10597826086956522 0.014423076923076924 0.035326086956521736
1 0.7524038461538461 0.10597826086956522 0.016826923076923076 0.02717391304347826
1 0.625 0.10869565217391304 0.020432692307692308 0.04891304347826087
1 0.8064903846153846 0.11413043478260869 0.01201923076923077 0.02717391304347826
1 0.7235576923076923 0.11413043478260869 0.014423076923076924 0.043478260869565216
1 0.34615384615384615 0.11413043478260869 0.015625 0.035326086956521736
1 0.4675480769230769 0.11684782608695653 0.018028846153846152 0.035326086956521736
1 0.3737980769230769 0.11684782608695653 0.013221153846153846 0.03260869565217391
1 0.6766826923076923 0.11956521739130435 0.020432692307692308 0.043478260869565216
1 0.5324519230769231 0.11956521739130435 0.018028846153846152 0.04891304347826087
1 0.33052884615384615 0.11956521739130435 0.014423076923076924 0.03804347826086957
1 0.515625 0.11956521739130435 0.01201923076923077 0.02717391304347826
1 0.4483173076923077 0.11956521739130435 0.019230769230769232 0.029891304347826088
1 0.6454326923076923 0.12228260869565218 0.019230769230769232 0.043478260869565216
1 0.7055288461538461 0.125 0.015625 0.029891304347826088
1 0.31490384615384615 0.125 0.015625 0.035326086956521736
1 0.4266826923076923 0.125 0.014423076923076924 0.03804347826086957
1 0.4891826923076923 0.125 0.009615384615384616 0.019021739130434784
1 0.5492788461538461 0.12771739130434784 0.014423076923076924 0.029891304347826088
1 0.7379807692307693 0.1331521739130435 0.020432692307692308 0.05434782608695652
1 0.5709134615384616 0.1331521739130435 0.014423076923076924 0.03260869565217391
1 0.8233173076923077 0.1358695652173913 0.013221153846153846 0.04076086956521739
1 0.28846153846153844 0.1358695652173913 0.018028846153846152 0.04076086956521739
1 0.5012019230769231 0.1358695652173913 0.009615384615384616 0.019021739130434784
1 0.4855769230769231 0.13858695652173914 0.010817307692307692 0.021739130434782608
1 0.796875 0.14130434782608695 0.014423076923076924 0.029891304347826088
1 0.27283653846153844 0.14130434782608695 0.015625 0.02717391304347826
1 0.7584134615384616 0.14130434782608695 0.015625 0.029891304347826088
1 0.7752403846153846 0.14130434782608695 0.015625 0.043478260869565216
1 0.39783653846153844 0.14402173913043478 0.015625 0.02717391304347826
1 0.5889423076923077 0.14402173913043478 0.018028846153846152 0.035326086956521736
1 0.6622596153846154 0.14673913043478262 0.014423076923076924 0.035326086956521736
1 0.6298076923076923 0.14945652173913043 0.02403846153846154 0.043478260869565216
1 0.43509615384615385 0.15217391304347827 0.013221153846153846 0.03260869565217391
1 0.5240384615384616 0.15217391304347827 0.014423076923076924 0.029891304347826088
1 0.3605769230769231 0.15217391304347827 0.019230769230769232 0.03804347826086957
1 0.49158653846153844 0.15489130434782608 0.010817307692307692 0.02717391304347826
1 0.47115384615384615 0.15489130434782608 0.015625 0.029891304347826088
1 0.7079326923076923 0.15760869565217392 0.015625 0.035326086956521736
1 0.5588942307692307 0.15760869565217392 0.013221153846153846 0.03260869565217391
1 0.2608173076923077 0.15760869565217392 0.016826923076923076 0.035326086956521736
1 0.609375 0.15760869565217392 0.016826923076923076 0.03804347826086957
1 0.45552884615384615 0.15760869565217392 0.014423076923076924 0.03260869565217391
1 0.3798076923076923 0.16032608695652173 0.013221153846153846 0.02717391304347826
1 0.5048076923076923 0.16032608695652173 0.015625 0.02717391304347826
1 0.30288461538461536 0.16032608695652173 0.013221153846153846 0.029891304347826088
1 0.41466346153846156 0.16032608695652173 0.014423076923076924 0.03260869565217391
1 0.7223557692307693 0.16304347826086957 0.013221153846153846 0.035326086956521736
1 0.328125 0.16304347826086957 0.013221153846153846 0.024456521739130436
1 0.3401442307692308 0.16576086956521738 0.01201923076923077 0.02717391304347826
1 0.5769230769230769 0.17119565217391305 0.015625 0.03260869565217391
1 0.8257211538461539 0.17119565217391305 0.015625 0.029891304347826088
1 0.8004807692307693 0.17391304347826086 0.016826923076923076 0.03804347826086957
1 0.3161057692307692 0.17391304347826086 0.01201923076923077 0.03260869565217391
1 0.6430288461538461 0.1766304347826087 0.01201923076923077 0.035326086956521736
1 0.38822115384615385 0.1766304347826087 0.01201923076923077 0.03260869565217391
1 0.6754807692307693 0.1793478260869565 0.015625 0.043478260869565216
1 0.5372596153846154 0.1793478260869565 0.016826923076923076 0.03804347826086957
1 0.40024038461538464 0.18206521739130435 0.01201923076923077 0.021739130434782608
1 0.7391826923076923 0.18206521739130435 0.016826923076923076 0.029891304347826088
1 0.29086538461538464 0.18478260869565216 0.018028846153846152 0.035326086956521736
1 0.3701923076923077 0.18478260869565216 0.015625 0.02717391304347826
1 0.44350961538461536 0.18478260869565216 0.021634615384615384 0.051630434782608696
1 0.6165865384615384 0.1875 0.016826923076923076 0.029891304347826088
1 0.4699519230769231 0.1875 0.013221153846153846 0.024456521739130436
1 0.7788461538461539 0.1875 0.015625 0.04076086956521739
1 0.6947115384615384 0.19021739130434784 0.015625 0.043478260869565216
1 0.8413461538461539 0.19021739130434784 0.020432692307692308 0.04619565217391304
1 0.35336538461538464 0.19021739130434784 0.014423076923076924 0.029891304347826088
1 0.7560096153846154 0.19021739130434784 0.016826923076923076 0.035326086956521736
1 0.5180288461538461 0.19293478260869565 0.014423076923076924 0.029891304347826088
1 0.5516826923076923 0.19293478260869565 0.015625 0.03260869565217391
1 0.4110576923076923 0.19293478260869565 0.014423076923076924 0.024456521739130436
1 0.6550480769230769 0.1956521739130435 0.01201923076923077 0.029891304347826088
1 0.3401442307692308 0.1956521739130435 0.010817307692307692 0.02717391304347826
1 0.5997596153846154 0.1956521739130435 0.013221153846153846 0.029891304347826088
1 0.25841346153846156 0.1983695652173913 0.018028846153846152 0.03804347826086957
1 0.23677884615384615 0.1983695652173913 0.016826923076923076 0.03804347826086957
1 0.2764423076923077 0.1983695652173913 0.018028846153846152 0.043478260869565216
1 0.7175480769230769 0.20108695652173914 0.020432692307692308 0.043478260869565216
1 0.42788461538461536 0.20108695652173914 0.01201923076923077 0.02717391304347826
1 0.8137019230769231 0.20108695652173914 0.020432692307692308 0.043478260869565216
1 0.38221153846153844 0.20380434782608695 0.014423076923076924 0.029891304347826088
1 0.3245192307692308 0.20380434782608695 0.020432692307692308 0.043478260869565216
1 0.5673076923076923 0.20652173913043478 0.015625 0.04076086956521739
1 0.6646634615384616 0.20652173913043478 0.014423076923076924 0.03804347826086957
1 0.48677884615384615 0.20652173913043478 0.014423076923076924 0.035326086956521736
1 0.45552884615384615 0.20652173913043478 0.013221153846153846 0.035326086956521736
1 0.3605769230769231 0.21195652173913043 0.014423076923076924 0.021739130434782608
1 0.5024038461538461 0.21195652173913043 0.016826923076923076 0.035326086956521736
1 0.30288461538461536 0.21195652173913043 0.016826923076923076 0.04076086956521739
1 0.7403846153846154 0.21467391304347827 0.016826923076923076 0.03260869565217391
1 0.5348557692307693 0.21467391304347827 0.015625 0.02717391304347826
1 0.6262019230769231 0.21739130434782608 0.015625 0.043478260869565216
1 0.6033653846153846 0.22010869565217392 0.013221153846153846 0.03260869565217391
1 0.3762019230769231 0.22010869565217392 0.01201923076923077 0.02717391304347826
1 0.5877403846153846 0.22010869565217392 0.016826923076923076 0.043478260869565216
1 0.8557692307692307 0.22010869565217392 0.019230769230769232 0.035326086956521736
1 0.4170673076923077 0.22282608695652173 0.013221153846153846 0.02717391304347826
1 0.40384615384615385 0.22282608695652173 0.013221153846153846 0.03260869565217391
1 0.6899038461538461 0.22554347826086957 0.014423076923076924 0.043478260869565216
1 0.4735576923076923 0.22554347826086957 0.014423076923076924 0.03260869565217391
1 0.8293269230769231 0.22554347826086957 0.014423076923076924 0.029891304347826088
1 0.6454326923076923 0.22554347826086957 0.013221153846153846 0.03804347826086957
1 0.5180288461538461 0.22554347826086957 0.016826923076923076 0.035326086956521736
1 0.5504807692307693 0.22826086956521738 0.014423076923076924 0.03260869565217391
1 0.7920673076923077 0.22826086956521738 0.015625 0.03804347826086957
1 0.42788461538461536 0.23097826086956522 0.009615384615384616 0.024456521739130436
1 0.7668269230769231 0.23097826086956522 0.030048076923076924 0.0625
1 0.44471153846153844 0.23097826086956522 0.018028846153846152 0.03260869565217391
1 0.3870192307692308 0.23097826086956522 0.013221153846153846 0.024456521739130436
1 0.33774038461538464 0.23097826086956522 0.015625 0.03260869565217391
1 0.2548076923076923 0.23097826086956522 0.015625 0.03260869565217391
1 0.3125 0.23369565217391305 0.014423076923076924 0.035326086956521736
1 0.27884615384615385 0.23369565217391305 0.010817307692307692 0.024456521739130436
1 0.26802884615384615 0.23369565217391305 0.009615384615384616 0.02717391304347826
1 0.8725961538461539 0.23369565217391305 0.016826923076923076 0.03804347826086957
1 0.3641826923076923 0.23369565217391305 0.01201923076923077 0.021739130434782608
1 0.2283653846153846 0.23641304347826086 0.021634615384615384 0.04891304347826087
1 0.29447115384615385 0.23641304347826086 0.015625 0.03260869565217391
1 0.7295673076923077 0.2391304347826087 0.015625 0.035326086956521736
1 0.5805288461538461 0.2418478260869565 0.014423076923076924 0.029891304347826088
1 0.4891826923076923 0.2418478260869565 0.013221153846153846 0.03804347826086957
1 0.3737980769230769 0.2418478260869565 0.01201923076923077 0.021739130434782608
1 0.46033653846153844 0.24456521739130435 0.014423076923076924 0.029891304347826088
1 0.5024038461538461 0.24456521739130435 0.013221153846153846 0.024456521739130436
1 0.35096153846153844 0.24456521739130435 0.013221153846153846 0.03260869565217391
1 0.6177884615384616 0.24456521739130435 0.013221153846153846 0.029891304347826088
1 0.5637019230769231 0.24728260869565216 0.016826923076923076 0.04076086956521739
1 0.8040865384615384 0.24728260869565216 0.014423076923076924 0.03260869565217391
1 0.5288461538461539 0.24728260869565216 0.014423076923076924 0.029891304347826088
1 0.6610576923076923 0.24728260869565216 0.015625 0.03260869565217391
1 0.8918269230769231 0.25 0.019230769230769232 0.04619565217391304
1 0.40625 0.25 0.010817307692307692 0.021739130434782608
1 0.4182692307692308 0.25 0.01201923076923077 0.02717391304347826
1 0.7115384615384616 0.25271739130434784 0.018028846153846152 0.04619565217391304
1 0.2668269230769231 0.25271739130434784 0.009615384615384616 0.021739130434782608
1 0.7487980769230769 0.2554347826086957 0.010817307692307692 0.02717391304347826
1 0.5985576923076923 0.2554347826086957 0.018028846153846152 0.03804347826086957
1 0.6766826923076923 0.25815217391304346 0.01201923076923077 0.035326086956521736
1 0.47596153846153844 0.25815217391304346 0.01201923076923077 0.03260869565217391
1 0.8497596153846154 0.25815217391304346 0.015625 0.03260869565217391
1 0.24519230769230768 0.2608695652173913 0.01201923076923077 0.02717391304347826
1 0.43149038461538464 0.26358695652173914 0.015625 0.029891304347826088
1 0.328125 0.26358695652173914 0.016826923076923076 0.035326086956521736
1 0.27884615384615385 0.26358695652173914 0.014423076923076924 0.029891304347826088
1 0.6478365384615384 0.26358695652173914 0.013221153846153846 0.029891304347826088
1 0.359375 0.26358695652173914 0.01201923076923077 0.02717391304347826
1 0.21153846153846154 0.26358695652173914 0.014423076923076924 0.03260869565217391
1 0.8305288461538461 0.26358695652173914 0.02283653846153846 0.043478260869565216
1 0.3870192307692308 0.266304347826087 0.018028846153846152 0.024456521739130436
1 0.78125 0.266304347826087 0.015625 0.029891304347826088
1 0.30528846153846156 0.266304347826087 0.01201923076923077 0.021739130434782608
1 0.6298076923076923 0.26902173913043476 0.015625 0.04076086956521739
1 0.5480769230769231 0.26902173913043476 0.014423076923076924 0.029891304347826088
1 0.4483173076923077 0.2717391304347826 0.016826923076923076 0.035326086956521736
1 0.5096153846153846 0.2717391304347826 0.010817307692307692 0.035326086956521736
1 0.23076923076923078 0.27445652173913043 0.013221153846153846 0.024456521739130436
1 0.9122596153846154 0.27445652173913043 0.014423076923076924 0.04076086956521739
1 0.2920673076923077 0.27717391304347827 0.014423076923076924 0.02717391304347826
1 0.34375 0.27717391304347827 0.016826923076923076 0.029891304347826088
1 0.578125 0.27717391304347827 0.014423076923076924 0.03804347826086957
1 0.6983173076923077 0.2798913043478261 0.014423076923076924 0.024456521739130436
1 0.4963942307692308 0.2798913043478261 0.014423076923076924 0.029891304347826088
1 0.8677884615384616 0.2826086956521739 0.016826923076923076 0.043478260869565216
1 0.7620192307692307 0.2826086956521739 0.015625 0.03260869565217391
1 0.8064903846153846 0.2826086956521739 0.018028846153846152 0.035326086956521736
1 0.40625 0.28532608695652173 0.010817307692307692 0.029891304347826088
1 0.41947115384615385 0.28532608695652173 0.014423076923076924 0.024456521739130436
1 0.4651442307692308 0.28532608695652173 0.015625 0.04076086956521739
1 0.5300480769230769 0.28804347826086957 0.015625 0.035326086956521736
1 0.4807692307692308 0.28804347826086957 0.014423076923076924 0.029891304347826088
1 0.32091346153846156 0.28804347826086957 0.01201923076923077 0.029891304347826088
1 0.6610576923076923 0.2907608695652174 0.015625 0.035326086956521736
1 0.3870192307692308 0.2907608695652174 0.015625 0.03260869565217391
1 0.2536057692307692 0.2907608695652174 0.013221153846153846 0.03260869565217391
1 0.7932692307692307 0.2907608695652174 0.009615384615384616 0.024456521739130436
1 0.19951923076923078 0.29347826086956524 0.018028846153846152 0.04076086956521739
1 0.43509615384615385 0.296195652173913 0.016826923076923076 0.029891304347826088
1 0.30528846153846156 0.296195652173913 0.018028846153846152 0.04076086956521739
1 0.7103365384615384 0.296195652173913 0.018028846153846152 0.02717391304347826
1 0.2764423076923077 0.296195652173913 0.015625 0.03804347826086957
1 0.8870192307692307 0.29891304347826086 0.018028846153846152 0.04619565217391304