1 0.021634615384615384 0.2948717948717949 0.026442307692307692 0.03365384615384615
1 0.28846153846153844 0.2980769230769231 0.021634615384615384 0.02403846153846154
1 0.06610576923076923 0.30128205128205127 0.026442307692307692 0.035256410256410256
1 0.0985576923076923 0.30288461538461536 0.02283653846153846 0.03365384615384615
1 0.19591346153846154 0.3076923076923077 0.02283653846153846 0.027243589743589744
1 0.12259615384615384 0.3092948717948718 0.02283653846153846 0.035256410256410256
1 0.004807692307692308 0.3108974358974359 0.006009615384615385 0.035256410256410256
1 0.2512019230769231 0.3141025641025641 0.037259615384615384 0.04807692307692308
1 0.21514423076923078 0.32051282051282054 0.02403846153846154 0.02564102564102564
1 0.3088942307692308 0.32051282051282054 0.021634615384615384 0.030448717948717948
1 0.16105769230769232 0.32211538461538464 0.03365384615384615 0.04326923076923077
1 0.036057692307692304 0.32532051282051283 0.019230769230769232 0.02564102564102564
1 0.3329326923076923 0.3301282051282051 0.018028846153846152 0.022435897435897436
1 0.2848557692307692 0.3349358974358974 0.02283653846153846 0.028846153846153848
1 0.09615384615384616 0.3349358974358974 0.020432692307692308 0.02564102564102564
1 0.015625 0.33653846153846156 0.02283653846153846 0.028846153846153848
1 0.06129807692307692 0.33653846153846156 0.02283653846153846 0.02564102564102564
1 0.0829326923076923 0.33814102564102566 0.016826923076923076 0.02564102564102564
1 0.23918269230769232 0.34935897435897434 0.019230769230769232 0.022435897435897436
1 0.20072115384615385 0.35096153846153844 0.019230769230769232 0.027243589743589744
1 0.1346153846153846 0.3525641025641026 0.027644230769230768 0.03365384615384615
1 0.040865384615384616 0.3525641025641026 0.014423076923076924 0.016025641025641024
1 0.30408653846153844 0.3541666666666667 0.02283653846153846 0.028846153846153848
1 0.3389423076923077 0.3573717948717949 0.021634615384615384 0.02564102564102564
1 0.0733173076923077 0.358974358974359 0.014423076923076924 0.022435897435897436
1 0.16826923076923078 0.358974358974359 0.02283653846153846 0.02403846153846154
1 0.22235576923076922 0.36217948717948717 0.02283653846153846 0.02403846153846154
1 0.25841346153846156 0.36217948717948717 0.019230769230769232 0.028846153846153848
1 0.3713942307692308 0.3701923076923077 0.027644230769230768 0.02403846153846154
1 0.28846153846153844 0.3717948717948718 0.019230769230769232 0.027243589743589744
1 0.04927884615384615 0.3717948717948718 0.02403846153846154 0.030448717948717948
1 0.021634615384615384 0.3798076923076923 0.03485576923076923 0.04807692307692308
1 0.31850961538461536 0.3814102564102564 0.02403846153846154 0.03365384615384615
1 0.10336538461538461 0.3814102564102564 0.05048076923076923 0.05448717948717949
1 0.2439903846153846 0.3814102564102564 0.02403846153846154 0.028846153846153848
1 0.18629807692307693 0.3814102564102564 0.021634615384615384 0.028846153846153848
1 0.39903846153846156 0.38461538461538464 0.02283653846153846 0.027243589743589744
1 0.3473557692307692 0.3894230769230769 0.027644230769230768 0.028846153846153848
1 0.15985576923076922 0.391025641025641 0.025240384615384616 0.028846153846153848
1 0.2692307692307692 0.3926282051282051 0.02403846153846154 0.027243589743589744
1 0.421875 0.3942307692307692 0.016826923076923076 0.020833333333333332
1 0.3425480769230769 0.3958333333333333 0.010817307692307692 0.016025641025641024
1 0.22235576923076922 0.3974358974358974 0.02283653846153846 0.02403846153846154
1 0.4543269230769231 0.3974358974358974 0.018028846153846152 0.02403846153846154
1 0.5144230769230769 0.40064102564102566 0.02403846153846154 0.02564102564102564
1 0.38100961538461536 0.40224358974358976 0.03125 0.028846153846153848
1 0.12980769230769232 0.40224358974358976 0.025240384615384616 0.027243589743589744
1 0.5576923076923077 0.40544871794871795 0.020432692307692308 0.02564102564102564
1 0.29447115384615385 0.40544871794871795 0.021634615384615384 0.027243589743589744
1 0.40625 0.40705128205128205 0.013221153846153846 0.017628205128205128
1 0.4387019230769231 0.41185897435897434 0.016826923076923076 0.02403846153846154
1 0.24639423076923078 0.41185897435897434 0.019230769230769232 0.028846153846153848
1 0.04447115384615385 0.41185897435897434 0.020432692307692308 0.027243589743589744
1 0.3245192307692308 0.41346153846153844 0.02283653846153846 0.02403846153846154
1 0.19591346153846154 0.4166666666666667 0.025240384615384616 0.038461538461538464
1 0.1622596153846154 0.4166666666666667 0.02403846153846154 0.02564102564102564
1 0.5288461538461539 0.4182692307692308 0.02283653846153846 0.030448717948717948
1 0.3581730769230769 0.4198717948717949 0.018028846153846152 0.020833333333333332
1 0.265625 0.421474358974359 0.019230769230769232 0.02403846153846154
1 0.6021634615384616 0.421474358974359 0.016826923076923076 0.027243589743589744
1 0.06971153846153846 0.421474358974359 0.03365384615384615 0.035256410256410256
1 0.11177884615384616 0.421474358974359 0.021634615384615384 0.03205128205128205
1 0.22355769230769232 0.4230769230769231 0.021634615384615384 0.02403846153846154
1 0.375 0.42467948717948717 0.016826923076923076 0.016025641025641024
1 0.4831730769230769 0.42628205128205127 0.015625 0.027243589743589744
1 0.5048076923076923 0.42788461538461536 0.02403846153846154 0.019230769230769232
1 0.45913461538461536 0.42788461538461536 0.013221153846153846 0.017628205128205128
1 0.3076923076923077 0.42788461538461536 0.015625 0.020833333333333332
1 0.019230769230769232 0.42948717948717946 0.03245192307692308 0.038461538461538464
1 0.5612980769230769 0.4326923076923077 0.018028846153846152 0.02564102564102564
1 0.28125 0.4326923076923077 0.020432692307692308 0.020833333333333332
1 0.13942307692307693 0.4326923076923077 0.02403846153846154 0.028846153846153848
1 0.4098557692307692 0.4342948717948718 0.018028846153846152 0.020833333333333332
1 0.32572115384615385 0.4375 0.015625 0.019230769230769232
1 0.47115384615384615 0.4391025641025641 0.013221153846153846 0.017628205128205128
1 0.6454326923076923 0.4391025641025641 0.020432692307692308 0.02564102564102564
1 0.2439903846153846 0.4407051282051282 0.021634615384615384 0.019230769230769232
1 0.5841346153846154 0.4407051282051282 0.020432692307692308 0.03205128205128205
1 0.6237980769230769 0.4423076923076923 0.018028846153846152 0.027243589743589744
1 0.3485576923076923 0.4423076923076923 0.015625 0.02403846153846154
1 0.046875 0.4423076923076923 0.02283653846153846 0.030448717948717948
1 0.25961538461538464 0.4439102564102564 0.018028846153846152 0.016025641025641024
1 0.5264423076923077 0.4439102564102564 0.015625 0.016025641025641024
1 0.09495192307692307 0.4439102564102564 0.02403846153846154 0.028846153846153848
1 0.4266826923076923 0.44551282051282054 0.008413461538461538 0.017628205128205128
1 0.4375 0.44551282051282054 0.010817307692307692 0.016025641025641024
1 0.17668269230769232 0.44551282051282054 0.020432692307692308 0.02564102564102564
1 0.38341346153846156 0.44711538461538464 0.014423076923076924 0.022435897435897436
1 0.36778846153846156 0.44711538461538464 0.013221153846153846 0.022435897435897436
1 0.6081730769230769 0.44871794871794873 0.010817307692307692 0.017628205128205128
1 0.30528846153846156 0.44871794871794873 0.01201923076923077 0.01282051282051282
1 0.5432692307692307 0.45032051282051283 0.016826923076923076 0.022435897435897436
1 0.39903846153846156 0.45032051282051283 0.015625 0.017628205128205128
1 0.5060096153846154 0.4519230769230769 0.009615384615384616 0.016025641025641024
1 0.20673076923076922 0.4519230769230769 0.014423076923076924 0.020833333333333332
1 0.4519230769230769 0.4519230769230769 0.015625 0.017628205128205128
1 0.078125 0.4567307692307692 0.020432692307692308 0.027243589743589744
1 0.5637019230769231 0.4583333333333333 0.020432692307692308 0.02403846153846154
1 0.2800480769230769 0.4599358974358974 0.021634615384615384 0.020833333333333332
1 0.3329326923076923 0.4599358974358974 0.02403846153846154 0.02564102564102564
1 0.15144230769230768 0.46153846153846156 0.027644230769230768 0.028846153846153848
1 0.4807692307692308 0.46153846153846156 0.020432692307692308 0.020833333333333332
1 0.41586538461538464 0.46153846153846156 0.020432692307692308 0.02403846153846154
1 0.35697115384615385 0.46474358974358976 0.019230769230769232 0.014423076923076924
1 0.6322115384615384 0.46474358974358976 0.016826923076923076 0.020833333333333332
1 0.5216346153846154 0.46634615384615385 0.019230769230769232 0.022435897435897436
1 0.5817307692307693 0.46794871794871795 0.016826923076923076 0.022435897435897436
1 0.45913461538461536 0.46955128205128205 0.019230769230769232 0.022435897435897436
1 0.11538461538461539 0.46955128205128205 0.026442307692307692 0.035256410256410256
1 0.6538461538461539 0.47115384615384615 0.021634615384615384 0.028846153846153848
1 0.03485576923076923 0.47115384615384615 0.019230769230769232 0.03205128205128205
1 0.18028846153846154 0.47275641025641024 0.016826923076923076 0.02564102564102564
1 0.6021634615384616 0.47275641025641024 0.020432692307692308 0.027243589743589744
1 0.5420673076923077 0.47435897435897434 0.018028846153846152 0.019230769230769232
1 0.4411057692307692 0.47596153846153844 0.014423076923076924 0.014423076923076924
1 0.1875 0.47596153846153844 0.016826923076923076 0.016025641025641024
1 0.3858173076923077 0.4775641025641026 0.019230769230769232 0.02403846153846154
1 0.23798076923076922 0.4791666666666667 0.021634615384615384 0.027243589743589744
1 0.06009615384615385 0.4791666666666667 0.025240384615384616 0.035256410256410256
1 0.26322115384615385 0.4791666666666667 0.020432692307692308 0.028846153846153848
1 0.28365384615384615 0.4807692307692308 0.018028846153846152 0.019230769230769232
1 0.21754807692307693 0.4823717948717949 0.019230769230769232 0.022435897435897436
1 0.5 0.4823717948717949 0.019230769230769232 0.02564102564102564
1 0.4050480769230769 0.4823717948717949 0.009615384615384616 0.011217948717948718
1 0.30649038461538464 0.483974358974359 0.021634615384615384 0.02564102564102564
1 0.3485576923076923 0.4855769230769231 0.019230769230769232 0.027243589743589744
1 0.36778846153846156 0.4855769230769231 0.018028846153846152 0.02403846153846154
1 0.42427884615384615 0.4855769230769231 0.02283653846153846 0.02403846153846154
1 0.3269230769230769 0.48717948717948717 0.020432692307692308 0.022435897435897436
1 0.08774038461538461 0.48717948717948717 0.020432692307692308 0.02564102564102564
1 0.6394230769230769 0.48717948717948717 0.014423076923076924 0.019230769230769232
1 0.6201923076923077 0.49038461538461536 0.018028846153846152 0.020833333333333332
1 0.5697115384615384 0.49038461538461536 0.016826923076923076 0.02403846153846154
1 0.16105769230769232 0.49038461538461536 0.021634615384615384 0.022435897435897436
1 0.6838942307692307 0.49198717948717946 0.03125 0.04006410256410257
1 0.1346153846153846 0.49198717948717946 0.02403846153846154 0.03205128205128205
1 0.4807692307692308 0.49198717948717946 0.015625 0.022435897435897436
1 0.53125 0.4951923076923077 0.013221153846153846 0.022435897435897436
1 0.1971153846153846 0.4967948717948718 0.019230769230769232 0.020833333333333332
1 0.44591346153846156 0.4967948717948718 0.019230769230769232 0.022435897435897436
1 0.5480769230769231 0.4983974358974359 0.018028846153846152 0.027243589743589744
1 0.3954326923076923 0.5 0.020432692307692308 0.02403846153846154
1 0.4639423076923077 0.5032051282051282 0.016826923076923076 0.022435897435897436
1 0.2932692307692308 0.5032051282051282 0.016826923076923076 0.017628205128205128
1 0.3137019230769231 0.5032051282051282 0.018028846153846152 0.022435897435897436
1 0.11177884615384616 0.5048076923076923 0.020432692307692308 0.02564102564102564
1 0.5829326923076923 0.5064102564102564 0.013221153846153846 0.022435897435897436
1 0.234375 0.5064102564102564 0.020432692307692308 0.02403846153846154
1 0.07692307692307693 0.5064102564102564 0.02283653846153846 0.020833333333333332
1 0.41225961538461536 0.5080128205128205 0.013221153846153846 0.017628205128205128
1 0.5060096153846154 0.5080128205128205 0.02283653846153846 0.020833333333333332
1 0.375 0.5096153846153846 0.019230769230769232 0.022435897435897436
1 0.3317307692307692 0.5096153846153846 0.016826923076923076 0.02564102564102564
1 0.42908653846153844 0.5112179487179487 0.013221153846153846 0.022435897435897436
1 0.27163461538461536 0.5112179487179487 0.018028846153846152 0.02564102564102564
1 0.35096153846153844 0.5128205128205128 0.015625 0.022435897435897436
1 0.6634615384615384 0.5144230769230769 0.014423076923076924 0.020833333333333332
1 0.7007211538461539 0.5144230769230769 0.018028846153846152 0.020833333333333332
1 0.6153846153846154 0.5144230769230769 0.01201923076923077 0.014423076923076924
1 0.5324519230769231 0.5160256410256411 0.013221153846153846 0.017628205128205128
1 0.4495192307692308 0.5160256410256411 0.013221153846153846 0.014423076923076924
1 0.18509615384615385 0.5176282051282052 0.02283653846153846 0.02564102564102564
1 0.1466346153846154 0.5176282051282052 0.016826923076923076 0.020833333333333332
1 0.6298076923076923 0.5192307692307693 0.015625 0.02564102564102564
1 0.7271634615384616 0.5192307692307693 0.021634615384615384 0.019230769230769232
1 0.4879807692307692 0.5192307692307693 0.018028846153846152 0.022435897435897436
1 0.6466346153846154 0.5208333333333334 0.013221153846153846 0.020833333333333332
1 0.5973557692307693 0.5208333333333334 0.014423076923076924 0.020833333333333332
1 0.5612980769230769 0.5224358974358975 0.019230769230769232 0.02403846153846154
1 0.15745192307692307 0.5224358974358975 0.019230769230769232 0.022435897435897436
1 0.21033653846153846 0.5224358974358975 0.018028846153846152 0.027243589743589744
1 0.3942307692307692 0.5224358974358975 0.019230769230769232 0.020833333333333332
1 0.3004807692307692 0.5256410256410257 0.016826923076923076 0.019230769230769232
1 0.6778846153846154 0.5256410256410257 0.016826923076923076 0.020833333333333332
1 0.12620192307692307 0.5256410256410257 0.021634615384615384 0.027243589743589744
1 0.4651442307692308 0.5272435897435898 0.016826923076923076 0.019230769230769232
1 0.4098557692307692 0.5272435897435898 0.010817307692307692 0.014423076923076924
1 0.5120192307692307 0.530448717948718 0.016826923076923076 0.02403846153846154
1 0.36538461538461536 0.532051282051282 0.015625 0.02403846153846154
1 0.09975961538461539 0.532051282051282 0.016826923076923076 0.02564102564102564
1 0.4338942307692308 0.532051282051282 0.015625 0.019230769230769232
1 0.3233173076923077 0.532051282051282 0.021634615384615384 0.02564102564102564
1 0.6141826923076923 0.5336538461538461 0.015625 0.02403846153846154
1 0.4495192307692308 0.5352564102564102 0.010817307692307692 0.016025641025641024
1 0.23918269230769232 0.5352564102564102 0.019230769230769232 0.030448717948717948
1 0.34615384615384615 0.5352564102564102 0.016826923076923076 0.022435897435897436
1 0.2860576923076923 0.5352564102564102 0.018028846153846152 0.02564102564102564
1 0.2608173076923077 0.5368589743589743 0.021634615384615384 0.028846153846153848
1 0.53125 0.5384615384615384 0.016826923076923076 0.017628205128205128
1 0.1778846153846154 0.5400641025641025 0.021634615384615384 0.027243589743589744
1 0.5492788461538461 0.5416666666666666 0.015625 0.020833333333333332
1 0.6622596153846154 0.5416666666666666 0.016826923076923076 0.020833333333333332
1 0.4026442307692308 0.5432692307692307 0.015625 0.019230769230769232
1 0.47596153846153844 0.5432692307692307 0.014423076923076924 0.02403846153846154
1 0.41947115384615385 0.5448717948717948 0.016826923076923076 0.02564102564102564
1 0.38341346153846156 0.5448717948717948 0.018028846153846152 0.020833333333333332
1 0.7271634615384616 0.5448717948717948 0.025240384615384616 0.027243589743589744
1 0.6911057692307693 0.5448717948717948 0.020432692307692308 0.030448717948717948
1 0.6322115384615384 0.5464743589743589 0.016826923076923076 0.022435897435897436
1 0.5925480769230769 0.5464743589743589 0.02403846153846154 0.030448717948717948
1 0.4579326923076923 0.5464743589743589 0.010817307692307692 0.014423076923076924
1 0.5673076923076923 0.5464743589743589 0.020432692307692308 0.022435897435897436
1 0.21754807692307693 0.5464743589743589 0.020432692307692308 0.014423076923076924
1 0.4951923076923077 0.5480769230769231 0.019230769230769232 0.02403846153846154
1 0.14302884615384615 0.5512820512820513 0.016826923076923076 0.020833333333333332
1 0.35697115384615385 0.5512820512820513 0.013221153846153846 0.014423076923076924
1 0.11057692307692307 0.5544871794871795 0.026442307692307692 0.022435897435897436
1 0.7680288461538461 0.5544871794871795 0.016826923076923076 0.022435897435897436
1 0.34375 0.5544871794871795 0.013221153846153846 0.016025641025641024
1 0.4495192307692308 0.5544871794871795 0.018028846153846152 0.019230769230769232
1 0.5180288461538461 0.5576923076923077 0.021634615384615384 0.030448717948717948
1 0.3076923076923077 0.5576923076923077 0.018028846153846152 0.02564102564102564
1 0.328125 0.5592948717948718 0.020432692307692308 0.022435897435897436
1 0.4639423076923077 0.5592948717948718 0.013221153846153846 0.016025641025641024
1 0.6766826923076923 0.5592948717948718 0.016826923076923076 0.02403846153846154
1 0.6129807692307693 0.5625 0.019230769230769232 0.027243589743589744
1 0.3713942307692308 0.5625 0.015625 0.022435897435897436
1 0.28365384615384615 0.5641025641025641 0.028846153846153848 0.027243589743589744
1 0.43149038461538464 0.5641025641025641 0.01201923076923077 0.016025641025641024
1 0.12860576923076922 0.5641025641025641 0.019230769230769232 0.02403846153846154
1 0.3870192307692308 0.5641025641025641 0.013221153846153846 0.017628205128205128
1 0.5384615384615384 0.5657051282051282 0.014423076923076924 0.022435897435897436
1 0.7091346153846154 0.5657051282051282 0.020432692307692308 0.022435897435897436
1 0.6514423076923077 0.5657051282051282 0.02283653846153846 0.030448717948717948
1 0.16105769230769232 0.5673076923076923 0.021634615384615384 0.030448717948717948
1 0.1875 0.5673076923076923 0.016826923076923076 0.02403846153846154
1 0.25240384615384615 0.5673076923076923 0.015625 0.019230769230769232
1 0.23557692307692307 0.5689102564102564 0.02283653846153846 0.030448717948717948
1 0.5552884615384616 0.5689102564102564 0.020432692307692308 0.019230769230769232
1 0.5769230769230769 0.5689102564102564 0.015625 0.020833333333333332
1 0.40625 0.5705128205128205 0.015625 0.019230769230769232
1 0.7379807692307693 0.5705128205128205 0.020432692307692308 0.02564102564102564
1 0.47475961538461536 0.5705128205128205 0.015625 0.020833333333333332
1 0.35336538461538464 0.5705128205128205 0.015625 0.017628205128205128
1 0.4963942307692308 0.5721153846153846 0.016826923076923076 0.019230769230769232
1 0.21033653846153846 0.5721153846153846 0.02403846153846154 0.022435897435897436
1 0.421875 0.5753205128205128 0.009615384615384616 0.017628205128205128
1 0.78125 0.5753205128205128 0.02403846153846154 0.028846153846153848
1 0.6286057692307693 0.5785256410256411 0.013221153846153846 0.019230769230769232
1 0.4375 0.5785256410256411 0.016826923076923076 0.017628205128205128
1 0.45913461538461536 0.5801282051282052 0.015625 0.020833333333333332
1 0.10697115384615384 0.5817307692307693 0.026442307692307692 0.030448717948717948
1 0.31971153846153844 0.5833333333333334 0.016826923076923076 0.022435897435897436
1 0.5901442307692307 0.5833333333333334 0.015625 0.014423076923076924
1 0.13701923076923078 0.5849358974358975 0.018028846153846152 0.020833333333333332
1 0.34134615384615385 0.5849358974358975 0.016826923076923076 0.02564102564102564
1 0.2668269230769231 0.5849358974358975 0.020432692307692308 0.028846153846153848
1 0.375 0.5849358974358975 0.014423076923076924 0.014423076923076924
1 0.6923076923076923 0.5849358974358975 0.016826923076923076 0.022435897435897436
1 0.671875 0.5849358974358975 0.020432692307692308 0.022435897435897436
1 0.484375 0.5865384615384616 0.01201923076923077 0.019230769230769232
1 0.29927884615384615 0.5865384615384616 0.018028846153846152 0.02564102564102564
1 0.390625 0.5865384615384616 0.016826923076923076 0.022435897435897436
2 0.5012019230769231 0.5865384615384616 0.9471153846153846 0.40384615384615385
1 0.5492788461538461 0.5881410256410257 0.010817307692307692 0.017628205128205128
1 0.5745192307692307 0.5897435897435898 0.014423076923076924 0.016025641025641024
1 0.359375 0.5897435897435898 0.018028846153846152 0.019230769230769232
1 0.6033653846153846 0.5897435897435898 0.013221153846153846 0.020833333333333332
1 0.5288461538461539 0.5897435897435898 0.018028846153846152 0.027243589743589744
1 0.7127403846153846 0.5897435897435898 0.019230769230769232 0.020833333333333332
1 0.18028846153846154 0.5897435897435898 0.013221153846153846 0.019230769230769232
1 0.23317307692307693 0.5913461538461539 0.013221153846153846 0.017628205128205128
1 0.44711538461538464 0.592948717948718 0.009615384615384616 0.01282051282051282
1 0.16346153846153846 0.592948717948718 0.014423076923076924 0.022435897435897436
1 0.5 0.594551282051282 0.020432692307692308 0.028846153846153848
1 0.24879807692307693 0.594551282051282 0.013221153846153846 0.016025641025641024
1 0.6177884615384616 0.594551282051282 0.015625 0.014423076923076924
1 0.4110576923076923 0.594551282051282 0.027644230769230768 0.027243589743589744
1 0.43149038461538464 0.5961538461538461 0.014423076923076924 0.017628205128205128
1 0.7704326923076923 0.5961538461538461 0.015625 0.016025641025641024
1 0.6514423076923077 0.5977564102564102 0.015625 0.027243589743589744
1 0.4675480769230769 0.5993589743589743 0.013221153846153846 0.019230769230769232
1 0.5637019230769231 0.5993589743589743 0.014423076923076924 0.022435897435897436
1 0.7355769230769231 0.6009615384615384 0.02403846153846154 0.02564102564102564
1 0.28125 0.6009615384615384 0.015625 0.022435897435897436
1 0.0889423076923077 0.6009615384615384 0.028846153846153848 0.035256410256410256
1 0.45552884615384615 0.6025641025641025 0.010817307692307692 0.017628205128205128
1 0.8088942307692307 0.6025641025641025 0.020432692307692308 0.027243589743589744
1 0.7860576923076923 0.6041666666666666 0.016826923076923076 0.017628205128205128
1 0.5877403846153846 0.6057692307692307 0.014423076923076924 0.022435897435897436
1 0.22235576923076922 0.6057692307692307 0.019230769230769232 0.020833333333333332
1 0.3798076923076923 0.6057692307692307 0.021634615384615384 0.022435897435897436
1 0.14302884615384615 0.6073717948717948 0.019230769230769232 0.022435897435897436
1 0.31850961538461536 0.6073717948717948 0.019230769230769232 0.02564102564102564
1 0.5432692307692307 0.6073717948717948 0.019230769230769232 0.022435897435897436
1 0.4387019230769231 0.6089743589743589 0.008413461538461538 0.011217948717948718
1 0.5216346153846154 0.6105769230769231 0.010817307692307692 0.011217948717948718
1 0.33653846153846156 0.6105769230769231 0.016826923076923076 0.020833333333333332
1 0.484375 0.6121794871794872 0.02283653846153846 0.027243589743589744
1 0.24158653846153846 0.6121794871794872 0.014423076923076924 0.019230769230769232
1 0.29927884615384615 0.6137820512820513 0.018028846153846152 0.020833333333333332
1 0.038461538461538464 0.6137820512820513 0.018028846153846152 0.020833333333333332
1 0.6394230769230769 0.6137820512820513 0.019230769230769232 0.027243589743589744
1 0.8677884615384616 0.6137820512820513 0.025240384615384616 0.027243589743589744
1 0.2620192307692308 0.6137820512820513 0.019230769230769232 0.028846153846153848
1 0.6814903846153846 0.6153846153846154 0.018028846153846152 0.027243589743589744
1 0.05889423076923077 0.6153846153846154 0.018028846153846152 0.019230769230769232
1 0.19831730769230768 0.6153846153846154 0.027644230769230768 0.038461538461538464
1 0.8293269230769231 0.6153846153846154 0.014423076923076924 0.020833333333333332
1 0.4254807692307692 0.6169871794871795 0.018028846153846152 0.020833333333333332
1 0.6634615384615384 0.6169871794871795 0.015625 0.020833333333333332
1 0.16105769230769232 0.6185897435897436 0.015625 0.017628205128205128
1 0.7103365384615384 0.6185897435897436 0.02403846153846154 0.028846153846153848
1 0.8461538461538461 0.6185897435897436 0.015625 0.02403846153846154
1 0.46274038461538464 0.6185897435897436 0.018028846153846152 0.017628205128205128
1 0.7584134615384616 0.6185897435897436 0.014423076923076924 0.022435897435897436
1 0.609375 0.6201923076923077 0.020432692307692308 0.03365384615384615
1 0.5552884615384616 0.6201923076923077 0.010817307692307692 0.01282051282051282
1 0.39302884615384615 0.6201923076923077 0.015625 0.022435897435897436
1 0.28725961538461536 0.6201923076923077 0.016826923076923076 0.017628205128205128
1 0.5324519230769231 0.6217948717948718 0.014423076923076924 0.019230769230769232
1 0.35096153846153844 0.6217948717948718 0.014423076923076924 0.020833333333333332
1 0.4495192307692308 0.6233974358974359 0.01201923076923077 0.019230769230769232
1 0.12259615384615384 0.625 0.020432692307692308 0.016025641025641024
1 0.7403846153846154 0.6266025641025641 0.020432692307692308 0.020833333333333332
1 0.5697115384615384 0.6266025641025641 0.016826923076923076 0.017628205128205128
1 0.5120192307692307 0.6266025641025641 0.018028846153846152 0.02564102564102564
1 0.8076923076923077 0.6266025641025641 0.015625 0.014423076923076924
1 0.09735576923076923 0.6298076923076923 0.016826923076923076 0.017628205128205128
1 0.6442307692307693 0.6298076923076923 0.014423076923076924 0.014423076923076924
1 0.23677884615384615 0.6314102564102564 0.016826923076923076 0.020833333333333332
1 0.5865384615384616 0.6314102564102564 0.010817307692307692 0.019230769230769232
1 0.31490384615384615 0.6314102564102564 0.013221153846153846 0.019230769230769232
1 0.1778846153846154 0.6314102564102564 0.016826923076923076 0.017628205128205128
1 0.375 0.6346153846153846 0.018028846153846152 0.02403846153846154
1 0.7740384615384616 0.6346153846153846 0.021634615384615384 0.022435897435897436
1 0.08173076923076923 0.6346153846153846 0.013221153846153846 0.022435897435897436
1 0.6274038461538461 0.6362179487179487 0.018028846153846152 0.02403846153846154
1 0.3329326923076923 0.6362179487179487 0.019230769230769232 0.027243589743589744
1 0.4735576923076923 0.6362179487179487 0.016826923076923076 0.02564102564102564
1 0.8834134615384616 0.6378205128205128 0.02283653846153846 0.030448717948717948
1 0.27163461538461536 0.6378205128205128 0.018028846153846152 0.017628205128205128
1 0.06370192307692307 0.6394230769230769 0.013221153846153846 0.022435897435897436
1 0.8329326923076923 0.6394230769230769 0.016826923076923076 0.019230769230769232
1 0.2956730769230769 0.6394230769230769 0.021634615384615384 0.02403846153846154
1 0.046875 0.6394230769230769 0.019230769230769232 0.022435897435897436
1 0.5420673076923077 0.6426282051282052 0.02283653846153846 0.022435897435897436
1 0.49278846153846156 0.6426282051282052 0.020432692307692308 0.02564102564102564
1 0.453125 0.6426282051282052 0.013221153846153846 0.014423076923076924
1 0.4326923076923077 0.6426282051282052 0.015625 0.022435897435897436
1 0.19951923076923078 0.6426282051282052 0.013221153846153846 0.016025641025641024
1 0.6009615384615384 0.6426282051282052 0.016826923076923076 0.019230769230769232
1 0.2536057692307692 0.6426282051282052 0.015625 0.017628205128205128
1 0.41346153846153844 0.6426282051282052 0.02283653846153846 0.035256410256410256
1 0.35697115384615385 0.6442307692307693 0.018028846153846152 0.020833333333333332
1 0.6875 0.6458333333333334 0.021634615384615384 0.02564102564102564
1 0.8701923076923077 0.6458333333333334 0.025240384615384616 0.022435897435897436
1 0.8040865384615384 0.6474358974358975 0.021634615384615384 0.022435897435897436
1 0.7175480769230769 0.6490384615384616 0.025240384615384616 0.027243589743589744
1 0.16105769230769232 0.6490384615384616 0.013221153846153846 0.014423076923076924
1 0.6682692307692307 0.6490384615384616 0.021634615384615384 0.02403846153846154
1 0.09735576923076923 0.6490384615384616 0.013221153846153846 0.019230769230769232
1 0.5240384615384616 0.6506410256410257 0.016826923076923076 0.02564102564102564
1 0.5685096153846154 0.6506410256410257 0.020432692307692308 0.030448717948717948
1 0.38822115384615385 0.6506410256410257 0.016826923076923076 0.027243589743589744
1 0.7560096153846154 0.6522435897435898 0.027644230769230768 0.03365384615384615
1 0.21394230769230768 0.6522435897435898 0.019230769230769232 0.027243589743589744
1 0.3161057692307692 0.6538461538461539 0.014423076923076924 0.022435897435897436
1 0.5072115384615384 0.655448717948718 0.015625 0.019230769230769232
1 0.12980769230769232 0.655448717948718 0.02283653846153846 0.030448717948717948
1 0.9290865384615384 0.657051282051282 0.02283653846153846 0.027243589743589744
1 0.3701923076923077 0.657051282051282 0.015625 0.020833333333333332
1 0.8473557692307693 0.6586538461538461 0.016826923076923076 0.02403846153846154
1 0.5865384615384616 0.6586538461538461 0.018028846153846152 0.017628205128205128
1 0.27403846153846156 0.6586538461538461 0.020432692307692308 0.02403846153846154
1 0.46634615384615385 0.6602564102564102 0.014423076923076924 0.020833333333333332
1 0.7776442307692307 0.6618589743589743 0.014423076923076924 0.02564102564102564
1 0.9038461538461539 0.6618589743589743 0.016826923076923076 0.035256410256410256
1 0.8257211538461539 0.6618589743589743 0.016826923076923076 0.022435897435897436
1 0.3389423076923077 0.6634615384615384 0.018028846153846152 0.02403846153846154
1 0.4423076923076923 0.6634615384615384 0.019230769230769232 0.02403846153846154
1 0.6213942307692307 0.6634615384615384 0.015625 0.019230769230769232
1 0.6382211538461539 0.6650641025641025 0.015625 0.022435897435897436
1 0.35697115384615385 0.6650641025641025 0.014423076923076924 0.020833333333333332
1 0.5372596153846154 0.6650641025641025 0.018028846153846152 0.017628205128205128
1 0.5552884615384616 0.6666666666666666 0.014423076923076924 0.019230769230769232
1 0.4230769230769231 0.6666666666666666 0.019230769230769232 0.027243589743589744
1 0.19471153846153846 0.6666666666666666 0.019230769230769232 0.02403846153846154
1 0.23317307692307693 0.6682692307692307 0.019230769230769232 0.02564102564102564
1 0.3004807692307692 0.6698717948717948 0.016826923076923076 0.022435897435897436
1 0.9423076923076923 0.6698717948717948 0.030048076923076924 0.03685897435897436
1 0.6899038461538461 0.6714743589743589 0.016826923076923076 0.019230769230769232
1 0.5168269230769231 0.6714743589743589 0.013221153846153846 0.016025641025641024
1 0.484375 0.6714743589743589 0.02283653846153846 0.02564102564102564
1 0.7319711538461539 0.6714743589743589 0.015625 0.03205128205128205
1 0.4050480769230769 0.6730769230769231 0.014423076923076924 0.020833333333333332
1 0.11538461538461539 0.6730769230769231 0.018028846153846152 0.02564102564102564
1 0.8569711538461539 0.6730769230769231 0.025240384615384616 0.027243589743589744
1 0.8846153846153846 0.6746794871794872 0.016826923076923076 0.022435897435897436
1 0.16706730769230768 0.6746794871794872 0.020432692307692308 0.030448717948717948
1 0.6694711538461539 0.6762820512820513 0.016826923076923076 0.027243589743589744
1 0.06971153846153846 0.6762820512820513 0.02403846153846154 0.03365384615384615
1 0.8040865384615384 0.6762820512820513 0.021634615384615384 0.027243589743589744
1 0.7115384615384616 0.6778846153846154 0.020432692307692308 0.030448717948717948
1 0.6394230769230769 0.6778846153846154 0.026442307692307692 0.027243589743589744
1 0.578125 0.6794871794871795 0.020432692307692308 0.020833333333333332
1 0.5024038461538461 0.6794871794871795 0.018028846153846152 0.02403846153846154
1 0.9651442307692307 0.6810897435897436 0.018028846153846152 0.020833333333333332
1 0.2824519230769231 0.6826923076923077 0.021634615384615384 0.020833333333333332
1 0.7668269230769231 0.6826923076923077 0.019230769230769232 0.02564102564102564
1 0.5973557692307693 0.6842948717948718 0.014423076923076924 0.019230769230769232
1 0.3269230769230769 0.6858974358974359 0.015625 0.020833333333333332
1 0.9146634615384616 0.6858974358974359 0.02403846153846154 0.035256410256410256
1 0.45552884615384615 0.6875 0.014423076923076924 0.022435897435897436
1 0.39302884615384615 0.6875 0.018028846153846152 0.022435897435897436
1 0.5456730769230769 0.6875 0.020432692307692308 0.02403846153846154
1 0.14543269230769232 0.6875 0.021634615384615384 0.020833333333333332
1 0.53125 0.6891025641025641 0.013221153846153846 0.022435897435897436
1 0.4375 0.6891025641025641 0.018028846153846152 0.022435897435897436
1 0.08653846153846154 0.6891025641025641 0.019230769230769232 0.02403846153846154
1 0.3701923076923077 0.6891025641025641 0.01201923076923077 0.020833333333333332
1 0.25 0.6891025641025641 0.019230769230769232 0.019230769230769232
1 0.8233173076923077 0.6891025641025641 0.019230769230769232 0.02564102564102564
1 0.35336538461538464 0.6907051282051282 0.021634615384615384 0.022435897435897436
1 0.6177884615384616 0.6923076923076923 0.02403846153846154 0.03365384615384615
1 0.8942307692307693 0.6923076923076923 0.020432692307692308 0.02564102564102564
1 0.19951923076923078 0.6923076923076923 0.018028846153846152 0.02403846153846154
1 0.3076923076923077 0.6923076923076923 0.021634615384615384 0.02564102564102564
1 0.41225961538461536 0.6939102564102564 0.019230769230769232 0.02564102564102564
1 0.02283653846153846 0.6939102564102564 0.037259615384615384 0.08974358974358974
1 0.7439903846153846 0.6955128205128205 0.016826923076923076 0.017628205128205128
1 0.6875 0.6955128205128205 0.019230769230769232 0.020833333333333332
1 0.7896634615384616 0.6955128205128205 0.014423076923076924 0.014423076923076924
1 0.8701923076923077 0.6971153846153846 0.016826923076923076 0.019230769230769232
1 0.33774038461538464 0.6987179487179487 0.015625 0.019230769230769232
1 0.5168269230769231 0.7003205128205128 0.013221153846153846 0.020833333333333332
1 0.4831730769230769 0.7003205128205128 0.02283653846153846 0.022435897435897436
1 0.18028846153846154 0.7003205128205128 0.014423076923076924 0.02403846153846154
1 0.5600961538461539 0.7019230769230769 0.018028846153846152 0.019230769230769232
1 0.953125 0.7019230769230769 0.02403846153846154 0.020833333333333332
1 0.7235576923076923 0.7035256410256411 0.021634615384615384 0.02564102564102564
1 0.11778846153846154 0.7035256410256411 0.02283653846153846 0.02403846153846154
1 0.22956730769230768 0.7051282051282052 0.016826923076923076 0.02403846153846154
1 0.5745192307692307 0.7067307692307693 0.015625 0.014423076923076924
1 0.16105769230769232 0.7083333333333334 0.019230769230769232 0.028846153846153848
1 0.8353365384615384 0.7083333333333334 0.020432692307692308 0.03365384615384615
1 0.359375 0.7099358974358975 0.015625 0.017628205128205128
1 0.4579326923076923 0.7131410256410257 0.020432692307692308 0.027243589743589744
1 0.39663461538461536 0.7131410256410257 0.020432692307692308 0.02564102564102564
1 0.37740384615384615 0.7131410256410257 0.01201923076923077 0.03205128205128205
1 0.4362980769230769 0.7147435897435898 0.016826923076923076 0.017628205128205128
1 0.59375 0.7147435897435898 0.008413461538461538 0.014423076923076924
1 0.8798076923076923 0.7147435897435898 0.020432692307692308 0.020833333333333332
1 0.19471153846153846 0.7163461538461539 0.019230769230769232 0.022435897435897436
1 0.8557692307692307 0.7163461538461539 0.018028846153846152 0.022435897435897436
1 0.6358173076923077 0.7163461538461539 0.018028846153846152 0.03205128205128205
1 0.13701923076923078 0.717948717948718 0.026442307692307692 0.035256410256410256
1 0.6610576923076923 0.717948717948718 0.02283653846153846 0.028846153846153848
1 0.5396634615384616 0.717948717948718 0.020432692307692308 0.028846153846153848
1 0.25721153846153844 0.717948717948718 0.021634615384615384 0.020833333333333332
1 0.7536057692307693 0.719551282051282 0.018028846153846152 0.022435897435897436
1 0.6117788461538461 0.719551282051282 0.015625 0.027243589743589744
1 0.7848557692307693 0.719551282051282 0.027644230769230768 0.03205128205128205
1 0.6875 0.7211538461538461 0.015625 0.02564102564102564
1 0.9074519230769231 0.7227564102564102 0.02403846153846154 0.027243589743589744
1 0.5204326923076923 0.7243589743589743 0.016826923076923076 0.02403846153846154
1 0.7103365384615384 0.7243589743589743 0.015625 0.017628205128205128
1 0.48677884615384615 0.7259615384615384 0.014423076923076924 0.017628205128205128
1 0.8185096153846154 0.7259615384615384 0.02403846153846154 0.030448717948717948
1 0.5745192307692307 0.7275641025641025 0.021634615384615384 0.030448717948717948
1 0.17908653846153846 0.7275641025641025 0.018028846153846152 0.027243589743589744
1 0.34615384615384615 0.7291666666666666 0.018028846153846152 0.019230769230769232
1 0.4098557692307692 0.7307692307692307 0.018028846153846152 0.022435897435897436
1 0.234375 0.7307692307692307 0.025240384615384616 0.027243589743589744
1 0.5552884615384616 0.7339743589743589 0.010817307692307692 0.014423076923076924
1 0.5925480769230769 0.7339743589743589 0.014423076923076924 0.017628205128205128
1 0.36778846153846156 0.7355769230769231 0.021634615384615384 0.02403846153846154
1 0.4699519230769231 0.7355769230769231 0.018028846153846152 0.020833333333333332
1 0.15144230769230768 0.7355769230769231 0.015625 0.022435897435897436
1 0.3870192307692308 0.7355769230769231 0.016826923076923076 0.014423076923076924
1 0.44711538461538464 0.7371794871794872 0.016826923076923076 0.020833333333333332
1 0.20552884615384615 0.7419871794871795 0.018028846153846152 0.028846153846153848
1 0.4266826923076923 0.7435897435897436 0.018028846153846152 0.02403846153846154
1 0.5324519230769231 0.7451923076923077 0.010817307692307692 0.019230769230769232
1 0.6923076923076923 0.7451923076923077 0.016826923076923076 0.017628205128205128
1 0.7115384615384616 0.7483974358974359 0.019230769230769232 0.02564102564102564
1 0.5973557692307693 0.75 0.014423076923076924 0.020833333333333332
1 0.5504807692307693 0.7532051282051282 0.019230769230769232 0.022435897435897436
1 0.48677884615384615 0.7532051282051282 0.019230769230769232 0.02564102564102564
1 0.5829326923076923 0.7548076923076923 0.019230769230769232 0.020833333333333332
1 0.18509615384615385 0.7564102564102564 0.015625 0.02564102564102564
1 0.15985576923076922 0.7612179487179487 0.02403846153846154 0.022435897435897436
1 0.5072115384615384 0.7612179487179487 0.018028846153846152 0.020833333333333332
1 0.5685096153846154 0.7676282051282052 0.016826923076923076 0.017628205128205128
1 0.5420673076923077 0.7724358974358975 0.015625 0.020833333333333332
1 0.5228365384615384 0.780448717948718 0.010817307692307692 0.016025641025641024
1 0.02283653846153846 0.24519230769230768 0.02283653846153846 0.027243589743589744
1 0.007211538461538462 0.2564102564102564 0.010817307692307692 0.027243589743589744
1 0.11538461538461539 0.25801282051282054 0.026442307692307692 0.035256410256410256
1 0.04447115384615385 0.27564102564102566 0.026442307692307692 0.038461538461538464
1 0.16466346153846154 0.28525641025641024 0.021634615384615384 0.028846153846153848
1 0.1346153846153846 0.28525641025641024 0.025240384615384616 0.028846153846153848
1 0.21634615384615385 0.28525641025641024 0.026442307692307692 0.03205128205128205