1 0.5372596153846154 0.292817679558011 0.013221153846153846 0.027624309392265192
1 0.5769230769230769 0.292817679558011 0.015625 0.03038674033149171
1 0.47115384615384615 0.2983425414364641 0.007211538461538462 0.022099447513812154
1 0.5540865384615384 0.3011049723756906 0.009615384615384616 0.027624309392265192
1 0.4014423076923077 0.3011049723756906 0.009615384615384616 0.013812154696132596
1 0.44591346153846156 0.3011049723756906 0.007211538461538462 0.013812154696132596
1 0.6586538461538461 0.30386740331491713 0.016826923076923076 0.03591160220994475
1 0.41586538461538464 0.30386740331491713 0.013221153846153846 0.022099447513812154
1 0.515625 0.30386740331491713 0.014423076923076924 0.03314917127071823
1 0.6274038461538461 0.30939226519337015 0.025240384615384616 0.04419889502762431
1 0.6899038461538461 0.3259668508287293 0.016826923076923076 0.049723756906077346
1 0.5372596153846154 0.3287292817679558 0.028846153846153848 0.04696132596685083
1 0.44350961538461536 0.3370165745856354 0.010817307692307692 0.024861878453038673
1 0.6622596153846154 0.3370165745856354 0.014423076923076924 0.027624309392265192
1 0.46274038461538464 0.3370165745856354 0.013221153846153846 0.03314917127071823
1 0.5192307692307693 0.3370165745856354 0.014423076923076924 0.03314917127071823
1 0.42908653846153844 0.3370165745856354 0.01201923076923077 0.03038674033149171
1 0.4074519230769231 0.3397790055248619 0.013221153846153846 0.022099447513812154
1 0.4855769230769231 0.3397790055248619 0.036057692307692304 0.06629834254143646
1 0.5853365384615384 0.3425414364640884 0.015625 0.03591160220994475
1 0.3762019230769231 0.3453038674033149 0.015625 0.03038674033149171
1 0.5985576923076923 0.35359116022099446 0.006009615384615385 0.019337016574585635
1 0.6454326923076923 0.356353591160221 0.01201923076923077 0.024861878453038673
1 0.3870192307692308 0.35911602209944754 0.013221153846153846 0.027624309392265192
1 0.35336538461538464 0.35911602209944754 0.02283653846153846 0.04419889502762431
1 0.6586538461538461 0.35911602209944754 0.008413461538461538 0.016574585635359115
1 0.7451923076923077 0.36464088397790057 0.025240384615384616 0.06629834254143646
1 0.5516826923076923 0.3674033149171271 0.013221153846153846 0.03591160220994475
1 0.3701923076923077 0.3674033149171271 0.010817307692307692 0.016574585635359115
1 0.4543269230769231 0.3729281767955801 0.025240384615384616 0.04419889502762431
1 0.625 0.3729281767955801 0.027644230769230768 0.08287292817679558
1 0.5372596153846154 0.3839779005524862 0.008413461538461538 0.019337016574585635
1 0.5709134615384616 0.3867403314917127 0.02283653846153846 0.052486187845303865
1 0.5144230769230769 0.3867403314917127 0.009615384615384616 0.022099447513812154
1 0.671875 0.3867403314917127 0.02403846153846154 0.055248618784530384
1 0.5252403846153846 0.38950276243093923 0.014423076923076924 0.024861878453038673
1 0.4110576923076923 0.39502762430939226 0.014423076923076924 0.03314917127071823
1 0.5949519230769231 0.39779005524861877 0.009615384615384616 0.022099447513812154
1 0.3629807692307692 0.39779005524861877 0.015625 0.022099447513812154
1 0.31850961538461536 0.4005524861878453 0.009615384615384616 0.016574585635359115
1 0.7019230769230769 0.4005524861878453 0.028846153846153848 0.055248618784530384
1 0.33774038461538464 0.40331491712707185 0.01201923076923077 0.03038674033149171
1 0.4699519230769231 0.40331491712707185 0.014423076923076924 0.027624309392265192
1 0.5024038461538461 0.40331491712707185 0.010817307692307692 0.03038674033149171
1 0.5120192307692307 0.4088397790055249 0.007211538461538462 0.016574585635359115
1 0.3858173076923077 0.4116022099447514 0.025240384615384616 0.049723756906077346
1 0.4266826923076923 0.4143646408839779 0.020432692307692308 0.03038674033149171
1 0.5348557692307693 0.4143646408839779 0.015625 0.03591160220994475
1 0.3485576923076923 0.4198895027624309 0.013221153846153846 0.024861878453038673
1 0.5528846153846154 0.425414364640884 0.019230769230769232 0.049723756906077346
1 0.4795673076923077 0.425414364640884 0.008413461538461538 0.013812154696132596
1 0.5949519230769231 0.425414364640884 0.008413461538461538 0.016574585635359115
1 0.36538461538461536 0.4281767955801105 0.014423076923076924 0.024861878453038673
1 0.609375 0.4281767955801105 0.018028846153846152 0.03591160220994475
1 0.48677884615384615 0.4281767955801105 0.010817307692307692 0.016574585635359115
1 0.6286057692307693 0.430939226519337 0.013221153846153846 0.022099447513812154
1 0.7836538461538461 0.430939226519337 0.052884615384615384 0.10497237569060773
1 0.578125 0.43370165745856354 0.010817307692307692 0.024861878453038673
1 0.46875 0.43370165745856354 0.01201923076923077 0.03038674033149171
1 0.41586538461538464 0.43646408839779005 0.021634615384615384 0.03591160220994475
1 0.7199519230769231 0.43646408839779005 0.019230769230769232 0.06906077348066299
1 0.5192307692307693 0.43922651933701656 0.009615384615384616 0.022099447513812154
1 0.3473557692307692 0.4419889502762431 0.01201923076923077 0.016574585635359115
1 0.32572115384615385 0.4447513812154696 0.010817307692307692 0.016574585635359115
1 0.6418269230769231 0.4447513812154696 0.013221153846153846 0.03314917127071823
1 0.5060096153846154 0.44751381215469616 0.015625 0.03591160220994475
1 0.4411057692307692 0.45027624309392267 0.015625 0.03591160220994475
1 0.6947115384615384 0.45027624309392267 0.021634615384615384 0.049723756906077346
1 0.47836538461538464 0.4558011049723757 0.014423076923076924 0.027624309392265192
1 0.46274038461538464 0.4558011049723757 0.015625 0.03867403314917127
1 0.6262019230769231 0.4585635359116022 0.01201923076923077 0.022099447513812154
1 0.3701923076923077 0.4585635359116022 0.020432692307692308 0.03591160220994475
1 0.5673076923076923 0.4613259668508287 0.025240384615384616 0.04696132596685083
1 0.6586538461538461 0.4613259668508287 0.013221153846153846 0.03314917127071823
1 0.6105769230769231 0.4613259668508287 0.009615384615384616 0.019337016574585635
1 0.3954326923076923 0.46685082872928174 0.02403846153846154 0.058011049723756904
1 0.5913461538461539 0.46685082872928174 0.015625 0.03867403314917127
1 0.6466346153846154 0.46685082872928174 0.006009615384615385 0.013812154696132596
1 0.75 0.4723756906077348 0.019230769230769232 0.055248618784530384
1 0.3173076923076923 0.47513812154696133 0.021634615384615384 0.04419889502762431
1 0.5264423076923077 0.48066298342541436 0.016826923076923076 0.04419889502762431
1 0.6057692307692307 0.48066298342541436 0.007211538461538462 0.022099447513812154
1 0.33774038461538464 0.48066298342541436 0.013221153846153846 0.04143646408839779
1 0.43149038461538464 0.48342541436464087 0.01201923076923077 0.03314917127071823
1 0.8125 0.48342541436464087 0.03365384615384615 0.06077348066298342
1 0.41466346153846156 0.4889502762430939 0.018028846153846152 0.03591160220994475
1 0.47596153846153844 0.4889502762430939 0.008413461538461538 0.016574585635359115
1 0.7307692307692307 0.4889502762430939 0.02283653846153846 0.04143646408839779
2 0.5192307692307693 0.49171270718232046 0.8762019230769231 0.5386740331491713
1 0.5144230769230769 0.49171270718232046 0.013221153846153846 0.03038674033149171
1 0.4495192307692308 0.49171270718232046 0.019230769230769232 0.04419889502762431
1 0.4963942307692308 0.494475138121547 0.013221153846153846 0.027624309392265192
1 0.6730769230769231 0.494475138121547 0.015625 0.03591160220994475
1 0.3629807692307692 0.494475138121547 0.006009615384615385 0.016574585635359115
1 0.640625 0.494475138121547 0.010817307692307692 0.016574585635359115
1 0.6995192307692307 0.4972375690607735 0.014423076923076924 0.027624309392265192
1 0.34975961538461536 0.5 0.01201923076923077 0.027624309392265192
1 0.5516826923076923 0.5 0.020432692307692308 0.04419889502762431
1 0.46033653846153844 0.5 0.009615384615384616 0.024861878453038673
1 0.6274038461538461 0.5 0.015625 0.027624309392265192
1 0.484375 0.5027624309392266 0.01201923076923077 0.016574585635359115
1 0.65625 0.505524861878453 0.020432692307692308 0.055248618784530384
1 0.6862980769230769 0.5082872928176796 0.006009615384615385 0.016574585635359115
1 0.7151442307692307 0.5082872928176796 0.013221153846153846 0.03038674033149171
1 0.5360576923076923 0.5138121546961326 0.01201923076923077 0.03314917127071823
1 0.7487980769230769 0.5138121546961326 0.016826923076923076 0.024861878453038673
1 0.4326923076923077 0.5165745856353591 0.01201923076923077 0.024861878453038673
1 0.3954326923076923 0.5165745856353591 0.019230769230769232 0.03591160220994475
1 0.4723557692307692 0.5193370165745856 0.009615384615384616 0.024861878453038673
1 0.3269230769230769 0.5193370165745856 0.010817307692307692 0.024861878453038673
1 0.5997596153846154 0.5220994475138122 0.016826923076923076 0.03867403314917127
1 0.5012019230769231 0.5248618784530387 0.014423076923076924 0.03314917127071823
1 0.4855769230769231 0.5248618784530387 0.013221153846153846 0.024861878453038673
1 0.36778846153846156 0.5276243093922652 0.01201923076923077 0.027624309392265192
1 0.4579326923076923 0.5276243093922652 0.014423076923076924 0.03591160220994475
1 0.41586538461538464 0.5303867403314917 0.020432692307692308 0.03867403314917127
1 0.5276442307692307 0.5303867403314917 0.014423076923076924 0.03038674033149171
1 0.515625 0.5331491712707183 0.010817307692307692 0.03591160220994475
1 0.8581730769230769 0.5359116022099447 0.016826923076923076 0.03867403314917127
1 0.30649038461538464 0.5386740331491713 0.026442307692307692 0.04143646408839779
1 0.4387019230769231 0.5414364640883977 0.014423076923076924 0.024861878453038673
1 0.3473557692307692 0.5414364640883977 0.030048076923076924 0.06906077348066299
1 0.8016826923076923 0.5414364640883977 0.026442307692307692 0.04696132596685083
1 0.6959134615384616 0.5414364640883977 0.025240384615384616 0.04696132596685083
1 0.6189903846153846 0.5414364640883977 0.007211538461538462 0.024861878453038673
1 0.7247596153846154 0.5441988950276243 0.019230769230769232 0.04143646408839779
1 0.7524038461538461 0.5441988950276243 0.015625 0.027624309392265192
1 0.7680288461538461 0.5441988950276243 0.018028846153846152 0.04419889502762431
1 0.6646634615384616 0.5497237569060773 0.015625 0.03591160220994475
1 0.38461538461538464 0.5497237569060773 0.014423076923076924 0.019337016574585635
1 0.45072115384615385 0.5497237569060773 0.009615384615384616 0.022099447513812154
1 0.5492788461538461 0.5524861878453039 0.027644230769230768 0.055248618784530384
1 0.3233173076923077 0.5552486187845304 0.013221153846153846 0.03038674033149171
1 0.25961538461538464 0.5552486187845304 0.01201923076923077 0.027624309392265192
1 0.6346153846153846 0.5552486187845304 0.021634615384615384 0.049723756906077346
1 0.4639423076923077 0.5580110497237569 0.013221153846153846 0.022099447513812154
1 0.5096153846153846 0.5580110497237569 0.013221153846153846 0.024861878453038673
1 0.2776442307692308 0.5607734806629834 0.019230769230769232 0.024861878453038673
1 0.6105769230769231 0.56353591160221 0.015625 0.04419889502762431
1 0.4795673076923077 0.56353591160221 0.016826923076923076 0.03867403314917127
1 0.7427884615384616 0.5662983425414365 0.013221153846153846 0.024861878453038673
1 0.43509615384615385 0.5718232044198895 0.018028846153846152 0.03591160220994475
1 0.4543269230769231 0.5773480662983426 0.015625 0.03314917127071823
1 0.36538461538461536 0.5773480662983426 0.018028846153846152 0.049723756906077346
1 0.8197115384615384 0.580110497237569 0.028846153846153848 0.07458563535911603
1 0.5252403846153846 0.580110497237569 0.02283653846153846 0.052486187845303865
1 0.41225961538461536 0.580110497237569 0.020432692307692308 0.04143646408839779
1 0.7764423076923077 0.585635359116022 0.026442307692307692 0.049723756906077346
1 0.6899038461538461 0.585635359116022 0.025240384615384616 0.03038674033149171
1 0.4963942307692308 0.585635359116022 0.02403846153846154 0.055248618784530384
1 0.7548076923076923 0.5911602209944752 0.019230769230769232 0.03591160220994475
1 0.8581730769230769 0.5911602209944752 0.042067307692307696 0.1132596685082873
1 0.7355769230769231 0.5911602209944752 0.013221153846153846 0.024861878453038673
1 0.27283653846153844 0.5911602209944752 0.01201923076923077 0.019337016574585635
1 0.7139423076923077 0.5911602209944752 0.015625 0.03314917127071823
1 0.47475961538461536 0.5939226519337016 0.018028846153846152 0.03314917127071823
1 0.8834134615384616 0.5939226519337016 0.015625 0.03867403314917127
1 0.6658653846153846 0.5966850828729282 0.018028846153846152 0.03867403314917127
1 0.30408653846153844 0.5966850828729282 0.009615384615384616 0.024861878453038673
1 0.23197115384615385 0.5966850828729282 0.019230769230769232 0.03867403314917127
1 0.31971153846153844 0.5994475138121547 0.018028846153846152 0.04696132596685083
1 0.46274038461538464 0.5994475138121547 0.004807692307692308 0.022099447513812154
1 0.4266826923076923 0.5994475138121547 0.01201923076923077 0.022099447513812154
1 0.5432692307692307 0.6022099447513812 0.013221153846153846 0.024861878453038673
1 0.5865384615384616 0.6022099447513812 0.037259615384615384 0.08839779005524862
0 0.8052884615384616 0.6022099447513812 0.006009615384615385 0.3149171270718232
1 0.3401442307692308 0.6049723756906077 0.016826923076923076 0.03314917127071823
1 0.8040865384615384 0.6077348066298343 0.014423076923076924 0.024861878453038673
1 0.6225961538461539 0.6104972375690608 0.02403846153846154 0.058011049723756904
1 0.4519230769230769 0.6104972375690608 0.014423076923076924 0.027624309392265192
1 0.26322115384615385 0.6104972375690608 0.018028846153846152 0.03867403314917127
1 0.5132211538461539 0.6132596685082873 0.018028846153846152 0.03314917127071823
1 0.2127403846153846 0.6160220994475138 0.018028846153846152 0.024861878453038673
1 0.359375 0.6187845303867403 0.018028846153846152 0.03867403314917127
1 0.9086538461538461 0.6187845303867403 0.037259615384615384 0.06629834254143646
1 0.47115384615384615 0.6215469613259669 0.006009615384615385 0.011049723756906077
1 0.25240384615384615 0.6270718232044199 0.013221153846153846 0.027624309392265192
1 0.28125 0.6270718232044199 0.004807692307692308 0.024861878453038673
1 0.7091346153846154 0.6270718232044199 0.019230769230769232 0.03867403314917127
1 0.5612980769230769 0.6270718232044199 0.01201923076923077 0.027624309392265192
1 0.296875 0.6298342541436464 0.018028846153846152 0.04143646408839779
1 0.765625 0.6298342541436464 0.020432692307692308 0.03867403314917127
1 0.53125 0.6298342541436464 0.016826923076923076 0.03867403314917127
1 0.421875 0.6325966850828729 0.014423076923076924 0.03314917127071823
1 0.5 0.6325966850828729 0.014423076923076924 0.03314917127071823
1 0.8846153846153846 0.6353591160220995 0.015625 0.027624309392265192
1 0.6875 0.6353591160220995 0.018028846153846152 0.04143646408839779
1 0.31490384615384615 0.638121546961326 0.015625 0.019337016574585635
1 0.5504807692307693 0.638121546961326 0.015625 0.03591160220994475
1 0.22956730769230768 0.6408839779005525 0.01201923076923077 0.03591160220994475
1 0.43990384615384615 0.6408839779005525 0.019230769230769232 0.049723756906077346
1 0.6658653846153846 0.6408839779005525 0.014423076923076924 0.03038674033149171
1 0.6394230769230769 0.6408839779005525 0.02403846153846154 0.04419889502762431
1 0.47716346153846156 0.643646408839779 0.013221153846153846 0.03038674033149171
1 0.3918269230769231 0.643646408839779 0.010817307692307692 0.03038674033149171
1 0.8425480769230769 0.643646408839779 0.02403846153846154 0.055248618784530384
1 0.33653846153846156 0.643646408839779 0.019230769230769232 0.03591160220994475
1 0.8149038461538461 0.643646408839779 0.015625 0.03591160220994475
1 0.27884615384615385 0.6464088397790055 0.007211538461538462 0.016574585635359115
1 0.375 0.6464088397790055 0.02403846153846154 0.06353591160220995
1 0.4050480769230769 0.6464088397790055 0.010817307692307692 0.03314917127071823
1 0.6105769230769231 0.649171270718232 0.018028846153846152 0.049723756906077346
1 0.7355769230769231 0.6519337016574586 0.015625 0.04419889502762431
1 0.2620192307692308 0.6519337016574586 0.013221153846153846 0.027624309392265192
1 0.7848557692307693 0.6519337016574586 0.020432692307692308 0.04419889502762431
1 0.5793269230769231 0.6546961325966851 0.010817307692307692 0.016574585635359115
1 0.7560096153846154 0.6602209944751382 0.01201923076923077 0.022099447513812154
1 0.4639423076923077 0.6602209944751382 0.027644230769230768 0.055248618784530384
1 0.20072115384615385 0.6602209944751382 0.008413461538461538 0.016574585635359115
1 0.1346153846153846 0.6602209944751382 0.019230769230769232 0.04419889502762431
1 0.5637019230769231 0.6629834254143646 0.014423076923076924 0.03314917127071823
1 0.49038461538461536 0.6629834254143646 0.014423076923076924 0.03867403314917127
1 0.2247596153846154 0.6657458563535912 0.013221153846153846 0.024861878453038673
1 0.5901442307692307 0.6685082872928176 0.007211538461538462 0.022099447513812154
1 0.33052884615384615 0.6685082872928176 0.01201923076923077 0.024861878453038673
1 0.15504807692307693 0.6712707182320442 0.019230769230769232 0.04696132596685083
1 0.6766826923076923 0.6712707182320442 0.013221153846153846 0.03867403314917127
1 0.7175480769230769 0.6712707182320442 0.020432692307692308 0.03867403314917127
1 0.3125 0.6740331491712708 0.016826923076923076 0.04143646408839779
1 0.2439903846153846 0.6740331491712708 0.013221153846153846 0.03314917127071823
1 0.1778846153846154 0.6740331491712708 0.013221153846153846 0.04143646408839779
1 0.6538461538461539 0.6767955801104972 0.021634615384615384 0.04143646408839779
1 0.5120192307692307 0.6767955801104972 0.019230769230769232 0.04419889502762431
1 0.4338942307692308 0.6767955801104972 0.02283653846153846 0.03038674033149171
1 0.6947115384615384 0.6767955801104972 0.014423076923076924 0.024861878453038673
1 0.9194711538461539 0.6795580110497238 0.018028846153846152 0.06077348066298342
1 0.11778846153846154 0.6795580110497238 0.015625 0.027624309392265192
1 0.7692307692307693 0.6795580110497238 0.010817307692307692 0.016574585635359115
1 0.9038461538461539 0.6795580110497238 0.013221153846153846 0.03038674033149171
1 0.625 0.6795580110497238 0.016826923076923076 0.04419889502762431
1 0.5276442307692307 0.6823204419889503 0.01201923076923077 0.024861878453038673
1 0.28725961538461536 0.6823204419889503 0.016826923076923076 0.03038674033149171
1 0.8064903846153846 0.6850828729281768 0.030048076923076924 0.04696132596685083
1 0.5492788461538461 0.6850828729281768 0.013221153846153846 0.03314917127071823
1 0.7560096153846154 0.6878453038674033 0.013221153846153846 0.016574585635359115
1 0.5769230769230769 0.6878453038674033 0.014423076923076924 0.03038674033149171
1 0.4074519230769231 0.6878453038674033 0.021634615384615384 0.03591160220994475
1 0.2608173076923077 0.6878453038674033 0.013221153846153846 0.03314917127071823
1 0.8629807692307693 0.6906077348066298 0.014423076923076924 0.03314917127071823
1 0.2127403846153846 0.6906077348066298 0.016826923076923076 0.027624309392265192
1 0.9447115384615384 0.6933701657458563 0.027644230769230768 0.06077348066298342
1 0.33413461538461536 0.6933701657458563 0.014423076923076924 0.019337016574585635
1 0.8786057692307693 0.6961325966850829 0.02403846153846154 0.04696132596685083
1 0.5925480769230769 0.6961325966850829 0.014423076923076924 0.03038674033149171
1 0.38221153846153844 0.6961325966850829 0.010817307692307692 0.024861878453038673
1 0.5637019230769231 0.6988950276243094 0.014423076923076924 0.027624309392265192
1 0.484375 0.6988950276243094 0.020432692307692308 0.03591160220994475
1 0.09615384615384616 0.6988950276243094 0.030048076923076924 0.052486187845303865
1 0.5348557692307693 0.7016574585635359 0.015625 0.03591160220994475
1 0.1622596153846154 0.7016574585635359 0.010817307692307692 0.027624309392265192
1 0.3545673076923077 0.7016574585635359 0.02403846153846154 0.04696132596685083
1 0.19230769230769232 0.7044198895027625 0.015625 0.04143646408839779
1 0.6045673076923077 0.7044198895027625 0.010817307692307692 0.022099447513812154
1 0.7415865384615384 0.7044198895027625 0.015625 0.024861878453038673
1 0.4230769230769231 0.7044198895027625 0.010817307692307692 0.03038674033149171
1 0.6887019230769231 0.7071823204419889 0.016826923076923076 0.03591160220994475
1 0.5528846153846154 0.7099447513812155 0.008413461538461538 0.019337016574585635
1 0.765625 0.712707182320442 0.010817307692307692 0.027624309392265192
1 0.37259615384615385 0.712707182320442 0.01201923076923077 0.03314917127071823
1 0.31971153846153844 0.712707182320442 0.008413461538461538 0.016574585635359115
1 0.8461538461538461 0.7154696132596685 0.04447115384615385 0.06906077348066299
1 0.27524038461538464 0.7154696132596685 0.016826923076923076 0.027624309392265192
1 0.47115384615384615 0.7154696132596685 0.014423076923076924 0.03314917127071823
1 0.5072115384615384 0.7182320441988951 0.019230769230769232 0.04419889502762431
1 0.4483173076923077 0.7182320441988951 0.020432692307692308 0.04419889502762431
1 0.28966346153846156 0.7182320441988951 0.013221153846153846 0.03038674033149171
1 0.12740384615384615 0.7209944751381215 0.02403846153846154 0.06077348066298342
1 0.15264423076923078 0.7209944751381215 0.021634615384615384 0.052486187845303865
1 0.5456730769230769 0.7209944751381215 0.009615384615384616 0.022099447513812154
1 0.21754807692307693 0.7237569060773481 0.015625 0.027624309392265192
1 0.5973557692307693 0.7265193370165746 0.016826923076923076 0.024861878453038673
1 0.7512019230769231 0.7265193370165746 0.008413461538461538 0.024861878453038673
1 0.9002403846153846 0.7292817679558011 0.025240384615384616 0.03867403314917127
1 0.6189903846153846 0.7292817679558011 0.014423076923076924 0.027624309392265192
1 0.16947115384615385 0.7292817679558011 0.015625 0.03314917127071823
1 0.6550480769230769 0.7292817679558011 0.030048076923076924 0.055248618784530384
1 0.25240384615384615 0.7320441988950276 0.019230769230769232 0.03314917127071823
1 0.20072115384615385 0.7320441988950276 0.013221153846153846 0.024861878453038673
1 0.4074519230769231 0.7348066298342542 0.027644230769230768 0.04143646408839779
1 0.38100961538461536 0.7348066298342542 0.016826923076923076 0.027624309392265192
1 0.36177884615384615 0.7348066298342542 0.020432692307692308 0.03038674033149171
1 0.22956730769230768 0.7348066298342542 0.014423076923076924 0.027624309392265192
1 0.33774038461538464 0.7375690607734806 0.028846153846153848 0.049723756906077346
1 0.5793269230769231 0.7375690607734806 0.028846153846153848 0.049723756906077346
1 0.8088942307692307 0.7375690607734806 0.021634615384615384 0.049723756906077346
1 0.7223557692307693 0.7375690607734806 0.027644230769230768 0.04696132596685083
1 0.4338942307692308 0.7375690607734806 0.02403846153846154 0.04143646408839779
1 0.30649038461538464 0.7403314917127072 0.018028846153846152 0.03591160220994475
1 0.7884615384615384 0.7403314917127072 0.019230769230769232 0.03591160220994475
1 0.7644230769230769 0.7430939226519337 0.019230769230769232 0.03591160220994475
1 0.6081730769230769 0.24585635359116023 0.010817307692307692 0.03314917127071823
1 0.6454326923076923 0.2569060773480663 0.008413461538461538 0.016574585635359115
1 0.6598557692307693 0.2596685082872928 0.007211538461538462 0.022099447513812154
1 0.53125 0.2596685082872928 0.013221153846153846 0.03038674033149171
1 0.6766826923076923 0.26519337016574585 0.007211538461538462 0.019337016574585635
1 0.48677884615384615 0.26795580110497236 0.009615384615384616 0.024861878453038673
1 0.5072115384615384 0.27348066298342544 0.015625 0.04696132596685083
1 0.6370192307692307 0.27900552486187846 0.014423076923076924 0.024861878453038673
1 0.6971153846153846 0.27900552486187846 0.013221153846153846 0.03867403314917127
1 0.6021634615384616 0.281767955801105 0.014423076923076924 0.024861878453038673
1 0.5264423076923077 0.2845303867403315 0.010817307692307692 0.027624309392265192