1 0.0889423076923077 0.2932692307692308 0.02403846153846154 0.022435897435897436
1 0.039663461538461536 0.296474358974359 0.019230769230769232 0.017628205128205128
1 0.11538461538461539 0.30288461538461536 0.021634615384615384 0.028846153846153848
1 0.1622596153846154 0.3173076923076923 0.03245192307692308 0.038461538461538464
1 0.08774038461538461 0.32051282051282054 0.018028846153846152 0.02564102564102564
1 0.06129807692307692 0.3269230769230769 0.016826923076923076 0.02403846153846154
1 0.09735576923076923 0.3317307692307692 0.020432692307692308 0.019230769230769232
1 0.125 0.34134615384615385 0.016826923076923076 0.014423076923076924
1 0.016826923076923076 0.34134615384615385 0.016826923076923076 0.016025641025641024
1 0.04447115384615385 0.34775641025641024 0.03125 0.03685897435897436
1 0.5168269230769231 0.35096153846153844 0.008413461538461538 0.011217948717948718
1 0.13581730769230768 0.3573717948717949 0.016826923076923076 0.016025641025641024
1 0.36899038461538464 0.358974358974359 0.021634615384615384 0.02403846153846154
1 0.06971153846153846 0.358974358974359 0.019230769230769232 0.030448717948717948
1 0.4735576923076923 0.3605769230769231 0.021634615384615384 0.027243589743589744
1 0.4543269230769231 0.36217948717948717 0.013221153846153846 0.017628205128205128
1 0.08774038461538461 0.36217948717948717 0.010817307692307692 0.014423076923076924
1 0.5300480769230769 0.36217948717948717 0.013221153846153846 0.020833333333333332
1 0.4951923076923077 0.36378205128205127 0.018028846153846152 0.022435897435897436
1 0.3918269230769231 0.36538461538461536 0.010817307692307692 0.01282051282051282
1 0.021634615384615384 0.36538461538461536 0.016826923076923076 0.017628205128205128
1 0.21033653846153846 0.36698717948717946 0.018028846153846152 0.022435897435897436
1 0.4050480769230769 0.36698717948717946 0.01201923076923077 0.017628205128205128
1 0.006009615384615385 0.3685897435897436 0.007211538461538462 0.03205128205128205
1 0.5865384615384616 0.3685897435897436 0.02283653846153846 0.028846153846153848
1 0.15625 0.3701923076923077 0.030048076923076924 0.04326923076923077
1 0.5528846153846154 0.3701923076923077 0.01201923076923077 0.016025641025641024
1 0.421875 0.3717948717948718 0.014423076923076924 0.016025641025641024
1 0.5096153846153846 0.375 0.014423076923076924 0.019230769230769232
1 0.5396634615384616 0.3766025641025641 0.01201923076923077 0.016025641025641024
1 0.23557692307692307 0.3782051282051282 0.006009615384615385 0.01282051282051282
1 0.078125 0.3782051282051282 0.015625 0.017628205128205128
1 0.390625 0.3782051282051282 0.009615384615384616 0.011217948717948718
1 0.5637019230769231 0.3798076923076923 0.014423076923076924 0.020833333333333332
1 0.10216346153846154 0.3814102564102564 0.025240384615384616 0.028846153846153848
1 0.12860576923076922 0.38301282051282054 0.009615384615384616 0.016025641025641024
1 0.609375 0.38461538461538464 0.02403846153846154 0.03365384615384615
1 0.026442307692307692 0.38461538461538464 0.021634615384615384 0.02564102564102564
1 0.4387019230769231 0.38782051282051283 0.027644230769230768 0.04006410256410257
1 0.48677884615384615 0.38782051282051283 0.018028846153846152 0.022435897435897436
1 0.5228365384615384 0.391025641025641 0.019230769230769232 0.027243589743589744
1 0.375 0.3926282051282051 0.026442307692307692 0.03205128205128205
1 0.34615384615384615 0.3926282051282051 0.02403846153846154 0.02403846153846154
1 0.5829326923076923 0.3942307692307692 0.019230769230769232 0.017628205128205128
1 0.46634615384615385 0.3958333333333333 0.020432692307692308 0.027243589743589744
1 0.5048076923076923 0.3974358974358974 0.015625 0.022435897435897436
1 0.40865384615384615 0.3974358974358974 0.03125 0.041666666666666664
1 0.054086538461538464 0.3974358974358974 0.021634615384615384 0.03205128205128205
1 0.5444711538461539 0.3974358974358974 0.021634615384615384 0.027243589743589744
1 0.5649038461538461 0.39903846153846156 0.014423076923076924 0.016025641025641024
1 0.2091346153846154 0.40064102564102566 0.028846153846153848 0.03685897435897436
1 0.6262019230769231 0.40064102564102566 0.010817307692307692 0.017628205128205128
1 0.17908653846153846 0.40544871794871795 0.020432692307692308 0.02564102564102564
1 0.1502403846153846 0.40544871794871795 0.015625 0.017628205128205128
1 0.2536057692307692 0.40544871794871795 0.03245192307692308 0.027243589743589744
1 0.3545673076923077 0.41185897435897434 0.021634615384615384 0.02403846153846154
1 0.6382211538461539 0.4150641025641026 0.009615384615384616 0.014423076923076924
1 0.3245192307692308 0.4150641025641026 0.030048076923076924 0.03365384615384615
1 0.0985576923076923 0.4150641025641026 0.015625 0.02403846153846154
1 0.5180288461538461 0.4166666666666667 0.019230769230769232 0.022435897435897436
1 0.008413461538461538 0.4182692307692308 0.014423076923076924 0.030448717948717948
1 0.49158653846153844 0.4182692307692308 0.028846153846153848 0.03685897435897436
1 0.5793269230769231 0.4182692307692308 0.02403846153846154 0.027243589743589744
1 0.5576923076923077 0.4198717948717949 0.015625 0.022435897435897436
1 0.3918269230769231 0.4198717948717949 0.019230769230769232 0.022435897435897436
1 0.6610576923076923 0.4198717948717949 0.008413461538461538 0.011217948717948718
1 0.23197115384615385 0.421474358974359 0.019230769230769232 0.014423076923076924
1 0.45552884615384615 0.421474358974359 0.016826923076923076 0.020833333333333332
1 0.025240384615384616 0.421474358974359 0.01201923076923077 0.020833333333333332
1 0.43149038461538464 0.4230769230769231 0.02283653846153846 0.030448717948717948
1 0.6502403846153846 0.42467948717948717 0.01201923076923077 0.01282051282051282
1 0.6057692307692307 0.42467948717948717 0.025240384615384616 0.038461538461538464
1 0.5384615384615384 0.42788461538461536 0.020432692307692308 0.02564102564102564
1 0.11298076923076923 0.42948717948717946 0.013221153846153846 0.016025641025641024
1 0.037259615384615384 0.42948717948717946 0.014423076923076924 0.028846153846153848
1 0.13341346153846154 0.4310897435897436 0.016826923076923076 0.020833333333333332
1 0.09615384615384616 0.4326923076923077 0.013221153846153846 0.01282051282051282
1 0.4723557692307692 0.4326923076923077 0.014423076923076924 0.019230769230769232
1 0.6766826923076923 0.4342948717948718 0.027644230769230768 0.035256410256410256
1 0.37259615384615385 0.4342948717948718 0.019230769230769232 0.027243589743589744
1 0.4074519230769231 0.4358974358974359 0.020432692307692308 0.03205128205128205
1 0.75 0.4391025641025641 0.05889423076923077 0.0641025641025641
1 0.17427884615384615 0.4391025641025641 0.018028846153846152 0.019230769230769232
1 0.5096153846153846 0.4407051282051282 0.015625 0.020833333333333332
1 0.5625 0.4407051282051282 0.020432692307692308 0.020833333333333332
1 0.28966346153846156 0.4423076923076923 0.03485576923076923 0.04326923076923077
1 0.06850961538461539 0.4423076923076923 0.030048076923076924 0.03365384615384615
1 0.20432692307692307 0.4423076923076923 0.015625 0.019230769230769232
1 0.15504807692307693 0.4439102564102564 0.018028846153846152 0.02564102564102564
1 0.3473557692307692 0.44551282051282054 0.028846153846153848 0.035256410256410256
1 0.5841346153846154 0.44551282051282054 0.016826923076923076 0.020833333333333332
1 0.8413461538461539 0.44551282051282054 0.057692307692307696 0.05608974358974359
1 0.6454326923076923 0.4519230769230769 0.03245192307692308 0.041666666666666664
1 0.4675480769230769 0.4519230769230769 0.010817307692307692 0.016025641025641024
1 0.49038461538461536 0.453525641025641 0.02403846153846154 0.03205128205128205
1 0.12860576923076922 0.4551282051282051 0.018028846153846152 0.027243589743589744
1 0.5492788461538461 0.4567307692307692 0.015625 0.017628205128205128
1 0.44471153846153844 0.4583333333333333 0.03125 0.038461538461538464
1 0.5240384615384616 0.4583333333333333 0.02403846153846154 0.030448717948717948
1 0.08173076923076923 0.4583333333333333 0.014423076923076924 0.020833333333333332
1 0.2512019230769231 0.4599358974358974 0.026442307692307692 0.03365384615384615
1 0.390625 0.46153846153846156 0.021634615384615384 0.03205128205128205
1 0.6141826923076923 0.46314102564102566 0.026442307692307692 0.03365384615384615
1 0.5649038461538461 0.46314102564102566 0.015625 0.020833333333333332
1 0.20673076923076922 0.46474358974358976 0.010817307692307692 0.011217948717948718
1 0.09735576923076923 0.46634615384615385 0.013221153846153846 0.017628205128205128
1 0.6911057692307693 0.46634615384615385 0.016826923076923076 0.022435897435897436
1 0.21634615384615385 0.46634615384615385 0.007211538461538462 0.01282051282051282
1 0.5877403846153846 0.46634615384615385 0.013221153846153846 0.016025641025641024
1 0.14543269230769232 0.46794871794871795 0.021634615384615384 0.022435897435897436
1 0.3557692307692308 0.46955128205128205 0.010817307692307692 0.014423076923076924
1 0.18389423076923078 0.47115384615384615 0.019230769230769232 0.019230769230769232
1 0.06490384615384616 0.47435897435897434 0.014423076923076924 0.019230769230769232
1 0.7788461538461539 0.47435897435897434 0.05048076923076923 0.06891025641025642
1 0.23197115384615385 0.47435897435897434 0.019230769230769232 0.02564102564102564
1 0.5096153846153846 0.47435897435897434 0.020432692307692308 0.02403846153846154
1 0.5408653846153846 0.47435897435897434 0.015625 0.016025641025641024
1 0.7295673076923077 0.47596153846153844 0.02403846153846154 0.03365384615384615
1 0.4735576923076923 0.47596153846153844 0.019230769230769232 0.02403846153846154
1 0.32211538461538464 0.47596153846153844 0.018028846153846152 0.027243589743589744
1 0.4182692307692308 0.4775641025641026 0.027644230769230768 0.03685897435897436
1 0.040865384615384616 0.4775641025641026 0.008413461538461538 0.022435897435897436
1 0.3004807692307692 0.4775641025641026 0.019230769230769232 0.022435897435897436
1 0.27884615384615385 0.4791666666666667 0.020432692307692308 0.022435897435897436
1 0.16466346153846154 0.4807692307692308 0.013221153846153846 0.019230769230769232
1 0.6658653846153846 0.4823717948717949 0.028846153846153848 0.035256410256410256
1 0.11057692307692307 0.4823717948717949 0.016826923076923076 0.019230769230769232
1 0.3425480769230769 0.4823717948717949 0.019230769230769232 0.02403846153846154
1 0.45552884615384615 0.4855769230769231 0.019230769230769232 0.028846153846153848
1 0.5552884615384616 0.4855769230769231 0.013221153846153846 0.016025641025641024
1 0.6298076923076923 0.48717948717948717 0.026442307692307692 0.028846153846153848
1 0.4387019230769231 0.48717948717948717 0.010817307692307692 0.019230769230769232
1 0.5745192307692307 0.48878205128205127 0.02283653846153846 0.030448717948717948
1 0.5949519230769231 0.49038461538461536 0.015625 0.020833333333333332
1 0.484375 0.49038461538461536 0.015625 0.020833333333333332
1 0.6983173076923077 0.49038461538461536 0.021634615384615384 0.028846153846153848
1 0.8653846153846154 0.49198717948717946 0.04326923076923077 0.05128205128205128
1 0.8173076923076923 0.4935897435897436 0.028846153846153848 0.03365384615384615
1 0.3737980769230769 0.4935897435897436 0.020432692307692308 0.027243589743589744
1 0.5288461538461539 0.4951923076923077 0.016826923076923076 0.019230769230769232
1 0.18629807692307693 0.4951923076923077 0.010817307692307692 0.01282051282051282
1 0.026442307692307692 0.4967948717948718 0.02403846153846154 0.02564102564102564
1 0.3112980769230769 0.5 0.02403846153846154 0.027243589743589744
1 0.1201923076923077 0.5 0.013221153846153846 0.016025641025641024
1 0.24519230769230768 0.5 0.021634615384615384 0.03205128205128205
1 0.052884615384615384 0.5 0.018028846153846152 0.020833333333333332
1 0.07091346153846154 0.5 0.010817307692307692 0.014423076923076924
1 0.7163461538461539 0.5 0.015625 0.019230769230769232
1 0.22235576923076922 0.5016025641025641 0.02403846153846154 0.03205128205128205
1 0.2692307692307692 0.5016025641025641 0.018028846153846152 0.027243589743589744
1 0.5420673076923077 0.5016025641025641 0.010817307692307692 0.014423076923076924
1 0.15264423076923078 0.5032051282051282 0.010817307692307692 0.014423076923076924
1 0.5036057692307693 0.5032051282051282 0.02403846153846154 0.03205128205128205
1 0.41586538461538464 0.5032051282051282 0.014423076923076924 0.016025641025641024
1 0.28846153846153844 0.5032051282051282 0.020432692307692308 0.02403846153846154
1 0.09495192307692307 0.5048076923076923 0.028846153846153848 0.03685897435897436
1 0.6057692307692307 0.5064102564102564 0.013221153846153846 0.019230769230769232
1 0.18269230769230768 0.5080128205128205 0.008413461538461538 0.009615384615384616
1 0.39783653846153844 0.5096153846153846 0.01201923076923077 0.016025641025641024
1 0.4338942307692308 0.5096153846153846 0.016826923076923076 0.019230769230769232
1 0.5576923076923077 0.5096153846153846 0.018028846153846152 0.02403846153846154
1 0.6514423076923077 0.5096153846153846 0.010817307692307692 0.016025641025641024
1 0.6334134615384616 0.5112179487179487 0.018028846153846152 0.028846153846153848
1 0.45072115384615385 0.5112179487179487 0.014423076923076924 0.020833333333333332
1 0.5877403846153846 0.5112179487179487 0.020432692307692308 0.02403846153846154
1 0.33533653846153844 0.5128205128205128 0.03245192307692308 0.04006410256410257
1 0.1658653846153846 0.5144230769230769 0.021634615384615384 0.017628205128205128
1 0.7367788461538461 0.5160256410256411 0.019230769230769232 0.02403846153846154
1 0.6730769230769231 0.5160256410256411 0.014423076923076924 0.017628205128205128
1 0.4098557692307692 0.5208333333333334 0.015625 0.017628205128205128
1 0.13581730769230768 0.5208333333333334 0.015625 0.02403846153846154
1 0.19831730769230768 0.5208333333333334 0.016826923076923076 0.022435897435897436
1 0.46274038461538464 0.5224358974358975 0.013221153846153846 0.017628205128205128
1 0.4831730769230769 0.5240384615384616 0.027644230769230768 0.03205128205128205
1 0.53125 0.5240384615384616 0.02403846153846154 0.03205128205128205
1 0.5733173076923077 0.5256410256410257 0.015625 0.022435897435897436
1 0.7067307692307693 0.5256410256410257 0.016826923076923076 0.02403846153846154
1 0.42427884615384615 0.5256410256410257 0.015625 0.022435897435897436
1 0.9002403846153846 0.5272435897435898 0.03125 0.03685897435897436
1 0.43990384615384615 0.5272435897435898 0.013221153846153846 0.01282051282051282
1 0.6598557692307693 0.5288461538461539 0.01201923076923077 0.016025641025641024
1 0.7800480769230769 0.5288461538461539 0.020432692307692308 0.027243589743589744
1 0.5048076923076923 0.530448717948718 0.014423076923076924 0.019230769230769232
1 0.26322115384615385 0.530448717948718 0.02403846153846154 0.027243589743589744
1 0.6430288461538461 0.532051282051282 0.014423076923076924 0.019230769230769232
1 0.6045673076923077 0.532051282051282 0.021634615384615384 0.028846153846153848
1 0.6225961538461539 0.5336538461538461 0.014423076923076924 0.017628205128205128
1 0.23677884615384615 0.5352564102564102 0.02403846153846154 0.030448717948717948
1 0.38100961538461536 0.5352564102564102 0.038461538461538464 0.057692307692307696
1 0.6971153846153846 0.5352564102564102 0.010817307692307692 0.017628205128205128
1 0.037259615384615384 0.5384615384615384 0.019230769230769232 0.03205128205128205
1 0.2920673076923077 0.5384615384615384 0.02283653846153846 0.030448717948717948
1 0.45552884615384615 0.5400641025641025 0.013221153846153846 0.017628205128205128
1 0.5576923076923077 0.5400641025641025 0.020432692307692308 0.02564102564102564
1 0.7283653846153846 0.5400641025641025 0.020432692307692308 0.027243589743589744
1 0.1045673076923077 0.5400641025641025 0.026442307692307692 0.022435897435897436
1 0.34134615384615385 0.5400641025641025 0.010817307692307692 0.014423076923076924
1 0.35336538461538464 0.5416666666666666 0.010817307692307692 0.014423076923076924
1 0.4338942307692308 0.5432692307692307 0.01201923076923077 0.019230769230769232
1 0.7620192307692307 0.5432692307692307 0.03245192307692308 0.04326923076923077
1 0.8653846153846154 0.5432692307692307 0.028846153846153848 0.041666666666666664
1 0.21153846153846154 0.5448717948717948 0.019230769230769232 0.02403846153846154
1 0.19230769230769232 0.5448717948717948 0.014423076923076924 0.019230769230769232
1 0.06490384615384616 0.5464743589743589 0.040865384615384616 0.038461538461538464
1 0.16826923076923078 0.5496794871794872 0.036057692307692304 0.046474358974358976
1 0.8112980769230769 0.5496794871794872 0.042067307692307696 0.052884615384615384
1 0.6141826923076923 0.5512820512820513 0.008413461538461538 0.01282051282051282
1 0.1310096153846154 0.5512820512820513 0.026442307692307692 0.028846153846153848
1 0.5408653846153846 0.5512820512820513 0.016826923076923076 0.020833333333333332
1 0.27403846153846156 0.5528846153846154 0.013221153846153846 0.020833333333333332
1 0.5805288461538461 0.5528846153846154 0.021634615384615384 0.027243589743589744
1 0.5048076923076923 0.5528846153846154 0.018028846153846152 0.02403846153846154
1 0.7091346153846154 0.5544871794871795 0.02403846153846154 0.028846153846153848
1 0.921875 0.5576923076923077 0.03485576923076923 0.05448717948717949
1 0.09134615384615384 0.5576923076923077 0.020432692307692308 0.02564102564102564
1 0.41225961538461536 0.5592948717948718 0.03245192307692308 0.04006410256410257
1 0.3329326923076923 0.5592948717948718 0.019230769230769232 0.027243589743589744
1 0.021634615384615384 0.5608974358974359 0.018028846153846152 0.02564102564102564
1 0.5276442307692307 0.5608974358974359 0.010817307692307692 0.016025641025641024
1 0.25841346153846156 0.5608974358974359 0.015625 0.022435897435897436
1 0.4807692307692308 0.5608974358974359 0.030048076923076924 0.038461538461538464
1 0.6694711538461539 0.5625 0.028846153846153848 0.035256410256410256
1 0.6334134615384616 0.5657051282051282 0.025240384615384616 0.04006410256410257
1 0.296875 0.5657051282051282 0.018028846153846152 0.028846153846153848
1 0.6045673076923077 0.5657051282051282 0.02403846153846154 0.028846153846153848
2 0.4951923076923077 0.5657051282051282 0.8653846153846154 0.44711538461538464
1 0.4495192307692308 0.5673076923076923 0.027644230769230768 0.038461538461538464
1 0.359375 0.5689102564102564 0.019230769230769232 0.02403846153846154
1 0.23798076923076922 0.5689102564102564 0.02403846153846154 0.035256410256410256
1 0.78125 0.5705128205128205 0.027644230769230768 0.035256410256410256
1 0.7439903846153846 0.5705128205128205 0.019230769230769232 0.02564102564102564
1 0.3161057692307692 0.5705128205128205 0.016826923076923076 0.019230769230769232
1 0.11778846153846154 0.5721153846153846 0.021634615384615384 0.020833333333333332
1 0.5564903846153846 0.5721153846153846 0.018028846153846152 0.022435897435897436
1 0.5204326923076923 0.5753205128205128 0.009615384615384616 0.01282051282051282
1 0.5 0.5785256410256411 0.014423076923076924 0.020833333333333332
1 0.390625 0.5785256410256411 0.010817307692307692 0.017628205128205128
1 0.5372596153846154 0.5785256410256411 0.020432692307692308 0.027243589743589744
1 0.3449519230769231 0.5785256410256411 0.014423076923076924 0.017628205128205128
1 0.2764423076923077 0.5785256410256411 0.021634615384615384 0.02564102564102564
1 0.375 0.5801282051282052 0.016826923076923076 0.019230769230769232
1 0.8954326923076923 0.5801282051282052 0.038461538461538464 0.0641025641025641
1 0.5733173076923077 0.5801282051282052 0.019230769230769232 0.022435897435897436
1 0.0733173076923077 0.5817307692307693 0.019230769230769232 0.028846153846153848
1 0.328125 0.5849358974358975 0.014423076923076924 0.019230769230769232
1 0.09134615384615384 0.5849358974358975 0.016826923076923076 0.02403846153846154
1 0.6995192307692307 0.5865384615384616 0.027644230769230768 0.03205128205128205
1 0.20192307692307693 0.5881410256410257 0.04567307692307692 0.05608974358974359
1 0.039663461538461536 0.5913461538461539 0.014423076923076924 0.017628205128205128
1 0.5516826923076923 0.5913461538461539 0.015625 0.020833333333333332
1 0.5096153846153846 0.5913461538461539 0.014423076923076924 0.019230769230769232
1 0.2608173076923077 0.592948717948718 0.018028846153846152 0.022435897435897436
1 0.15865384615384615 0.592948717948718 0.025240384615384616 0.027243589743589744
1 0.7259615384615384 0.594551282051282 0.02403846153846154 0.03205128205128205
1 0.7536057692307693 0.594551282051282 0.026442307692307692 0.02564102564102564
1 0.4855769230769231 0.594551282051282 0.019230769230769232 0.02403846153846154
1 0.34975961538461536 0.5961538461538461 0.014423076923076924 0.014423076923076924
1 0.4639423076923077 0.5961538461538461 0.02283653846153846 0.02564102564102564
1 0.6526442307692307 0.5961538461538461 0.02403846153846154 0.028846153846153848
1 0.31009615384615385 0.5977564102564102 0.015625 0.022435897435897436
0 0.7596153846153846 0.5993589743589743 0.02403846153846154 0.38782051282051283
1 0.23798076923076922 0.5993589743589743 0.02403846153846154 0.027243589743589744
1 0.6141826923076923 0.6009615384615384 0.030048076923076924 0.03205128205128205
1 0.3641826923076923 0.6025641025641025 0.019230769230769232 0.02564102564102564
1 0.28125 0.6025641025641025 0.016826923076923076 0.022435897435897436
1 0.390625 0.6025641025641025 0.02403846153846154 0.028846153846153848
1 0.8305288461538461 0.6041666666666666 0.02403846153846154 0.035256410256410256
1 0.42427884615384615 0.6041666666666666 0.042067307692307696 0.05128205128205128
1 0.34134615384615385 0.6057692307692307 0.013221153846153846 0.017628205128205128
1 0.5600961538461539 0.6105769230769231 0.020432692307692308 0.022435897435897436
1 0.9242788461538461 0.6105769230769231 0.028846153846153848 0.04487179487179487
1 0.5901442307692307 0.6105769230769231 0.015625 0.019230769230769232
1 0.054086538461538464 0.6105769230769231 0.014423076923076924 0.017628205128205128
1 0.8569711538461539 0.6105769230769231 0.008413461538461538 0.016025641025641024
1 0.025240384615384616 0.6105769230769231 0.01201923076923077 0.019230769230769232
1 0.25600961538461536 0.6121794871794872 0.018028846153846152 0.022435897435897436
1 0.3245192307692308 0.6121794871794872 0.016826923076923076 0.02564102564102564
1 0.7439903846153846 0.6121794871794872 0.014423076923076924 0.019230769230769232
1 0.10336538461538461 0.6121794871794872 0.021634615384615384 0.03205128205128205
1 0.8713942307692307 0.6137820512820513 0.015625 0.022435897435897436
1 0.6754807692307693 0.6137820512820513 0.02403846153846154 0.035256410256410256
1 0.6971153846153846 0.6137820512820513 0.021634615384615384 0.02403846153846154
1 0.5276442307692307 0.6137820512820513 0.027644230769230768 0.038461538461538464
1 0.7920673076923077 0.6137820512820513 0.028846153846153848 0.03685897435897436
1 0.9699519230769231 0.6153846153846154 0.02403846153846154 0.052884615384615384
1 0.08413461538461539 0.6185897435897436 0.019230769230769232 0.02403846153846154
1 0.042067307692307696 0.6201923076923077 0.013221153846153846 0.017628205128205128
1 0.4579326923076923 0.6201923076923077 0.019230769230769232 0.022435897435897436
1 0.5012019230769231 0.6201923076923077 0.019230769230769232 0.028846153846153848
1 0.009615384615384616 0.6217948717948718 0.019230769230769232 0.022435897435897436
1 0.14182692307692307 0.6233974358974359 0.025240384615384616 0.03205128205128205
1 0.7536057692307693 0.6233974358974359 0.018028846153846152 0.028846153846153848
1 0.4795673076923077 0.6233974358974359 0.021634615384615384 0.028846153846153848
1 0.578125 0.625 0.015625 0.019230769230769232
1 0.5540865384615384 0.6266025641025641 0.01201923076923077 0.014423076923076924
1 0.30288461538461536 0.6282051282051282 0.020432692307692308 0.02564102564102564
1 0.23798076923076922 0.6298076923076923 0.020432692307692308 0.027243589743589744
1 0.38461538461538464 0.6298076923076923 0.018028846153846152 0.020833333333333332
1 0.35096153846153844 0.6314102564102564 0.03125 0.041666666666666664
1 0.02283653846153846 0.6330128205128205 0.010817307692307692 0.011217948717948718
1 0.1814903846153846 0.6330128205128205 0.03125 0.04006410256410257
1 0.6466346153846154 0.6346153846153846 0.036057692307692304 0.038461538461538464
1 0.8040865384615384 0.6346153846153846 0.01201923076923077 0.014423076923076924
1 0.2776442307692308 0.6346153846153846 0.028846153846153848 0.041666666666666664
1 0.4411057692307692 0.6346153846153846 0.020432692307692308 0.027243589743589744
1 0.7295673076923077 0.6362179487179487 0.030048076923076924 0.03685897435897436
1 0.2536057692307692 0.6362179487179487 0.016826923076923076 0.019230769230769232
1 0.609375 0.6378205128205128 0.026442307692307692 0.03365384615384615
1 0.6850961538461539 0.6394230769230769 0.018028846153846152 0.027243589743589744
1 0.07091346153846154 0.6394230769230769 0.02403846153846154 0.028846153846153848
1 0.8269230769230769 0.6394230769230769 0.016826923076923076 0.02564102564102564
1 0.41346153846153844 0.6410256410256411 0.026442307692307692 0.03365384615384615
1 0.7776442307692307 0.6426282051282052 0.009615384615384616 0.014423076923076924
1 0.6766826923076923 0.6426282051282052 0.016826923076923076 0.020833333333333332
1 0.5300480769230769 0.6442307692307693 0.015625 0.020833333333333332
1 0.8701923076923077 0.6458333333333334 0.020432692307692308 0.03685897435897436
1 0.9146634615384616 0.6458333333333334 0.042067307692307696 0.05608974358974359
1 0.5120192307692307 0.6458333333333334 0.019230769230769232 0.02403846153846154
1 0.7932692307692307 0.6474358974358975 0.018028846153846152 0.020833333333333332
1 0.2127403846153846 0.6474358974358975 0.018028846153846152 0.020833333333333332
1 0.109375 0.6490384615384616 0.018028846153846152 0.017628205128205128
1 0.5637019230769231 0.6490384615384616 0.026442307692307692 0.04006410256410257
1 0.4639423076923077 0.6506410256410257 0.027644230769230768 0.035256410256410256
1 0.7512019230769231 0.6522435897435898 0.018028846153846152 0.027243589743589744
1 0.13341346153846154 0.6538461538461539 0.019230769230769232 0.022435897435897436
1 0.8485576923076923 0.6538461538461539 0.021634615384615384 0.030448717948717948
1 0.5817307692307693 0.6538461538461539 0.013221153846153846 0.02403846153846154
1 0.38341346153846156 0.655448717948718 0.02283653846153846 0.027243589743589744
1 0.7079326923076923 0.657051282051282 0.02283653846153846 0.030448717948717948
1 0.23197115384615385 0.6602564102564102 0.02283653846153846 0.03205128205128205
1 0.9050480769230769 0.6618589743589743 0.014423076923076924 0.030448717948717948
1 0.5180288461538461 0.6618589743589743 0.014423076923076924 0.016025641025641024
1 0.7295673076923077 0.6634615384615384 0.013221153846153846 0.016025641025641024
1 0.15745192307692307 0.6634615384615384 0.028846153846153848 0.038461538461538464
1 0.40024038461538464 0.6634615384615384 0.016826923076923076 0.022435897435897436
1 0.6538461538461539 0.6634615384615384 0.014423076923076924 0.020833333333333332
1 0.3088942307692308 0.6650641025641025 0.013221153846153846 0.022435897435897436
1 0.3293269230769231 0.6650641025641025 0.021634615384615384 0.03365384615384615
1 0.3629807692307692 0.6650641025641025 0.018028846153846152 0.028846153846153848
1 0.5456730769230769 0.6666666666666666 0.019230769230769232 0.027243589743589744
1 0.5985576923076923 0.6666666666666666 0.020432692307692308 0.02564102564102564
1 0.25961538461538464 0.6666666666666666 0.028846153846153848 0.038461538461538464
1 0.49278846153846156 0.6682692307692307 0.021634615384615384 0.03205128205128205
1 0.19951923076923078 0.6682692307692307 0.021634615384615384 0.03365384615384615
1 0.7824519230769231 0.6682692307692307 0.016826923076923076 0.02564102564102564
1 0.2860576923076923 0.6698717948717948 0.021634615384615384 0.027243589743589744
1 0.6730769230769231 0.6698717948717948 0.020432692307692308 0.027243589743589744
1 0.5288461538461539 0.6698717948717948 0.01201923076923077 0.014423076923076924
1 0.6382211538461539 0.6714743589743589 0.016826923076923076 0.02564102564102564
1 0.421875 0.6730769230769231 0.02403846153846154 0.03685897435897436
1 0.44471153846153844 0.6730769230769231 0.015625 0.02564102564102564
1 0.6189903846153846 0.6778846153846154 0.019230769230769232 0.020833333333333332
1 0.8401442307692307 0.6794871794871795 0.01201923076923077 0.020833333333333332
1 0.8557692307692307 0.6794871794871795 0.019230769230769232 0.020833333333333332
1 0.5084134615384616 0.6794871794871795 0.015625 0.020833333333333332
1 0.8040865384615384 0.6794871794871795 0.03365384615384615 0.04487179487179487
1 0.3449519230769231 0.6826923076923077 0.014423076923076924 0.019230769230769232
1 0.9086538461538461 0.6826923076923077 0.014423076923076924 0.014423076923076924
1 0.14543269230769232 0.6826923076923077 0.01201923076923077 0.017628205128205128
1 0.6983173076923077 0.6842948717948718 0.026442307692307692 0.03365384615384615
1 0.30649038461538464 0.6858974358974359 0.019230769230769232 0.02403846153846154
1 0.18028846153846154 0.6858974358974359 0.025240384615384616 0.03205128205128205
1 0.4723557692307692 0.6875 0.02283653846153846 0.03365384615384615
1 0.8882211538461539 0.6891025641025641 0.026442307692307692 0.038461538461538464
1 0.38341346153846156 0.6923076923076923 0.03125 0.041666666666666664
1 0.11899038461538461 0.6923076923076923 0.039663461538461536 0.05128205128205128
1 0.2764423076923077 0.6939102564102564 0.02283653846153846 0.027243589743589744
1 0.2283653846153846 0.6955128205128205 0.025240384615384616 0.028846153846153848
1 0.6538461538461539 0.6955128205128205 0.014423076923076924 0.022435897435897436
1 0.578125 0.6971153846153846 0.02403846153846154 0.03205128205128205
1 0.7752403846153846 0.6971153846153846 0.021634615384615384 0.03205128205128205
1 0.44591346153846156 0.6971153846153846 0.016826923076923076 0.019230769230769232
1 0.5504807692307693 0.6971153846153846 0.025240384615384616 0.03205128205128205
1 0.6346153846153846 0.6971153846153846 0.020432692307692308 0.02403846153846154
1 0.8305288461538461 0.6971153846153846 0.010817307692307692 0.017628205128205128
1 0.20552884615384615 0.6971153846153846 0.021634615384615384 0.028846153846153848
1 0.7355769230769231 0.6987179487179487 0.038461538461538464 0.046474358974358976
1 0.25240384615384615 0.7003205128205128 0.020432692307692308 0.02564102564102564
1 0.3581730769230769 0.7003205128205128 0.019230769230769232 0.027243589743589744
1 0.9170673076923077 0.7035256410256411 0.019230769230769232 0.030448717948717948
1 0.9543269230769231 0.7051282051282052 0.016826923076923076 0.022435897435897436
1 0.49278846153846156 0.7083333333333334 0.026442307692307692 0.03365384615384615
1 0.5276442307692307 0.7099358974358975 0.019230769230769232 0.03365384615384615
1 0.4675480769230769 0.7115384615384616 0.013221153846153846 0.014423076923076924
1 0.8846153846153846 0.7131410256410257 0.009615384615384616 0.011217948717948718
1 0.8641826923076923 0.7147435897435898 0.020432692307692308 0.027243589743589744
1 0.41586538461538464 0.7163461538461539 0.02283653846153846 0.03365384615384615
1 0.39783653846153844 0.7163461538461539 0.013221153846153846 0.014423076923076924
1 0.32572115384615385 0.7163461538461539 0.015625 0.016025641025641024
1 0.3858173076923077 0.717948717948718 0.009615384615384616 0.01282051282051282
1 0.8209134615384616 0.717948717948718 0.02403846153846154 0.027243589743589744
1 0.6538461538461539 0.719551282051282 0.018028846153846152 0.020833333333333332
1 0.6009615384615384 0.719551282051282 0.01201923076923077 0.016025641025641024
1 0.2848557692307692 0.719551282051282 0.02403846153846154 0.027243589743589744
1 0.23317307692307693 0.7211538461538461 0.010817307692307692 0.017628205128205128
1 0.4338942307692308 0.7211538461538461 0.01201923076923077 0.017628205128205128
1 0.8942307692307693 0.7211538461538461 0.010817307692307692 0.014423076923076924
1 0.7908653846153846 0.7227564102564102 0.021634615384615384 0.035256410256410256
1 0.21514423076923078 0.7259615384615384 0.02403846153846154 0.03365384615384615
1 0.25240384615384615 0.7275641025641025 0.021634615384615384 0.027243589743589744
1 0.45552884615384615 0.7275641025641025 0.027644230769230768 0.035256410256410256
1 0.7103365384615384 0.7275641025641025 0.025240384615384616 0.035256410256410256
1 0.12139423076923077 0.7291666666666666 0.018028846153846152 0.022435897435897436
1 0.15745192307692307 0.7291666666666666 0.025240384615384616 0.03205128205128205
1 0.5168269230769231 0.7291666666666666 0.015625 0.020833333333333332
1 0.3641826923076923 0.7323717948717948 0.021634615384615384 0.027243589743589744
1 0.140625 0.7355769230769231 0.015625 0.027243589743589744
1 0.0985576923076923 0.7355769230769231 0.021634615384615384 0.027243589743589744
1 0.19230769230769232 0.7371794871794872 0.018028846153846152 0.03365384615384615
1 0.875 0.7387820512820513 0.021634615384615384 0.030448717948717948
1 0.30288461538461536 0.7403846153846154 0.026442307692307692 0.041666666666666664
1 0.22596153846153846 0.7403846153846154 0.015625 0.014423076923076924
1 0.7235576923076923 0.7419871794871795 0.019230769230769232 0.022435897435897436
1 0.4326923076923077 0.7451923076923077 0.013221153846153846 0.019230769230769232
1 0.4170673076923077 0.7467948717948718 0.015625 0.022435897435897436
1 0.8449519230769231 0.7467948717948718 0.040865384615384616 0.041666666666666664
1 0.33413461538461536 0.7467948717948718 0.025240384615384616 0.035256410256410256
1 0.765625 0.7483974358974359 0.039663461538461536 0.046474358974358976
1 0.8149038461538461 0.7483974358974359 0.015625 0.027243589743589744
1 0.0733173076923077 0.7532051282051282 0.020432692307692308 0.027243589743589744
1 0.265625 0.7564102564102564 0.015625 0.020833333333333332
1 0.37259615384615385 0.7612179487179487 0.016826923076923076 0.017628205128205128
1 0.21754807692307693 0.7628205128205128 0.009615384615384616 0.020833333333333332
1 0.234375 0.7644230769230769 0.021634615384615384 0.027243589743589744
1 0.19471153846153846 0.7756410256410257 0.018028846153846152 0.02403846153846154
1 0.16346153846153846 0.7772435897435898 0.015625 0.022435897435897436
1 0.025240384615384616 0.20993589743589744 0.010817307692307692 0.019230769230769232
1 0.04326923076923077 0.21794871794871795 0.021634615384615384 0.028846153846153848
1 0.007211538461538462 0.21955128205128205 0.014423076923076924 0.02403846153846154
1 0.03245192307692308 0.24519230769230768 0.021634615384615384 0.022435897435897436
1 0.0889423076923077 0.2644230769230769 0.020432692307692308 0.02564102564102564
1 0.039663461538461536 0.2708333333333333 0.020432692307692308 0.022435897435897436
1 0.06370192307692307 0.28044871794871795 0.02403846153846154 0.04326923076923077