1 0.5204326923076923 0.32211538461538464 0.038461538461538464 0.04006410256410257
1 0.5612980769230769 0.32532051282051283 0.037259615384615384 0.041666666666666664
1 0.48197115384615385 0.33814102564102566 0.019230769230769232 0.027243589743589744
1 0.4326923076923077 0.33974358974358976 0.025240384615384616 0.041666666666666664
1 0.59375 0.33974358974358976 0.03365384615384615 0.04487179487179487
1 0.4026442307692308 0.34134615384615385 0.026442307692307692 0.035256410256410256
1 0.6274038461538461 0.3557692307692308 0.030048076923076924 0.038461538461538464
1 0.6634615384615384 0.3557692307692308 0.030048076923076924 0.041666666666666664
1 0.6923076923076923 0.3573717948717949 0.026442307692307692 0.038461538461538464
1 0.5456730769230769 0.36217948717948717 0.037259615384615384 0.04006410256410257
1 0.46033653846153844 0.36378205128205127 0.03365384615384615 0.046474358974358976
1 0.375 0.36698717948717946 0.03365384615384615 0.041666666666666664
1 0.5060096153846154 0.36698717948717946 0.039663461538461536 0.057692307692307696
1 0.4170673076923077 0.3766025641025641 0.03245192307692308 0.038461538461538464
1 0.6045673076923077 0.38782051282051283 0.030048076923076924 0.04326923076923077
1 0.7079326923076923 0.391025641025641 0.030048076923076924 0.038461538461538464
1 0.43990384615384615 0.391025641025641 0.02283653846153846 0.027243589743589744
1 0.3473557692307692 0.3958333333333333 0.03485576923076923 0.04487179487179487
1 0.6370192307692307 0.3974358974358974 0.038461538461538464 0.049679487179487176
1 0.5276442307692307 0.39903846153846156 0.027644230769230768 0.030448717948717948
1 0.5721153846153846 0.39903846153846156 0.025240384615384616 0.035256410256410256
1 0.6766826923076923 0.40224358974358976 0.03125 0.04326923076923077
1 0.3918269230769231 0.40224358974358976 0.03125 0.03685897435897436
1 0.4831730769230769 0.40544871794871795 0.03245192307692308 0.041666666666666664
1 0.4230769230769231 0.4182692307692308 0.02283653846153846 0.030448717948717948
1 0.5108173076923077 0.42628205128205127 0.02283653846153846 0.035256410256410256
1 0.7235576923076923 0.42788461538461536 0.03125 0.041666666666666664
1 0.4519230769230769 0.42788461538461536 0.03365384615384615 0.04326923076923077
1 0.5913461538461539 0.42948717948717946 0.03125 0.038461538461538464
1 0.3713942307692308 0.42948717948717946 0.028846153846153848 0.035256410256410256
1 0.5432692307692307 0.4310897435897436 0.03125 0.04006410256410257
1 0.3245192307692308 0.4310897435897436 0.03125 0.04006410256410257
1 0.6911057692307693 0.4342948717948718 0.028846153846153848 0.03365384615384615
1 0.6610576923076923 0.4375 0.03245192307692308 0.038461538461538464
1 0.6237980769230769 0.4439102564102564 0.042067307692307696 0.046474358974358976
1 0.7548076923076923 0.44711538461538464 0.03125 0.05128205128205128
1 0.39903846153846156 0.453525641025641 0.038461538461538464 0.04487179487179487
1 0.3473557692307692 0.453525641025641 0.026442307692307692 0.03205128205128205
1 0.4831730769230769 0.4551282051282051 0.03365384615384615 0.041666666666666664
1 0.5709134615384616 0.4551282051282051 0.03125 0.038461538461538464
1 0.5204326923076923 0.4599358974358974 0.027644230769230768 0.030448717948717948
1 0.4326923076923077 0.46153846153846156 0.03125 0.03685897435897436
1 0.7115384615384616 0.46634615384615385 0.030048076923076924 0.04487179487179487
1 0.3137019230769231 0.46794871794871795 0.038461538461538464 0.04006410256410257
1 0.37259615384615385 0.47115384615384615 0.03245192307692308 0.038461538461538464
1 0.7920673076923077 0.47275641025641024 0.04447115384615385 0.060897435897435896
1 0.6790865384615384 0.47435897435897434 0.03485576923076923 0.04006410256410257
1 0.5985576923076923 0.4775641025641026 0.03485576923076923 0.03685897435897436
1 0.5456730769230769 0.4791666666666667 0.028846153846153848 0.03205128205128205
1 0.2848557692307692 0.4791666666666667 0.026442307692307692 0.03205128205128205
1 0.7379807692307693 0.4855769230769231 0.02403846153846154 0.041666666666666664
1 0.5036057692307693 0.48717948717948717 0.02403846153846154 0.041666666666666664
1 0.45913461538461536 0.48878205128205127 0.03245192307692308 0.04487179487179487
1 0.6430288461538461 0.49038461538461536 0.03365384615384615 0.04326923076923077
1 0.3401442307692308 0.4967948717948718 0.03365384615384615 0.04487179487179487
1 0.25961538461538464 0.4983974358974359 0.028846153846153848 0.03685897435897436
1 0.3954326923076923 0.5032051282051282 0.026442307692307692 0.04006410256410257
1 0.7019230769230769 0.5048076923076923 0.03125 0.041666666666666664
2 0.48677884615384615 0.5048076923076923 0.8701923076923077 0.4150641025641026
1 0.42908653846153844 0.5048076923076923 0.027644230769230768 0.04487179487179487
1 0.3076923076923077 0.5080128205128205 0.03125 0.038461538461538464
1 0.5709134615384616 0.5096153846153846 0.039663461538461536 0.052884615384615384
1 0.7644230769230769 0.5096153846153846 0.03125 0.03365384615384615
1 0.5276442307692307 0.5112179487179487 0.03365384615384615 0.041666666666666664
1 0.6129807692307693 0.5128205128205128 0.03125 0.04326923076923077
1 0.484375 0.5160256410256411 0.027644230769230768 0.038461538461538464
1 0.671875 0.5176282051282052 0.03365384615384615 0.041666666666666664
1 0.7283653846153846 0.5240384615384616 0.027644230769230768 0.035256410256410256
1 0.8028846153846154 0.5256410256410257 0.037259615384615384 0.038461538461538464
1 0.36658653846153844 0.5288461538461539 0.037259615384615384 0.05128205128205128
1 0.2776442307692308 0.532051282051282 0.03125 0.038461538461538464
1 0.6394230769230769 0.5368589743589743 0.03365384615384615 0.041666666666666664
1 0.33052884615384615 0.5368589743589743 0.03245192307692308 0.03685897435897436
1 0.45552884615384615 0.5400641025641025 0.036057692307692304 0.046474358974358976
1 0.23918269230769232 0.5400641025641025 0.037259615384615384 0.038461538461538464
1 0.5060096153846154 0.5416666666666666 0.026442307692307692 0.035256410256410256
1 0.6971153846153846 0.5448717948717948 0.03365384615384615 0.038461538461538464
1 0.40865384615384615 0.5464743589743589 0.03245192307692308 0.04326923076923077
1 0.5432692307692307 0.5480769230769231 0.038461538461538464 0.04487179487179487
1 0.5889423076923077 0.5496794871794872 0.02403846153846154 0.03205128205128205
1 0.20673076923076922 0.5560897435897436 0.030048076923076924 0.041666666666666664
1 0.7740384615384616 0.5625 0.06370192307692307 0.07211538461538461
1 0.6658653846153846 0.5641025641025641 0.03365384615384615 0.04326923076923077
1 0.7247596153846154 0.5657051282051282 0.028846153846153848 0.04807692307692308
1 0.30288461538461536 0.5673076923076923 0.036057692307692304 0.04326923076923077
1 0.6153846153846154 0.5673076923076923 0.039663461538461536 0.04006410256410257
1 0.8233173076923077 0.5689102564102564 0.038461538461538464 0.049679487179487176
1 0.2644230769230769 0.5721153846153846 0.03365384615384615 0.04006410256410257
1 0.4831730769230769 0.5737179487179487 0.03365384615384615 0.04326923076923077
1 0.90625 0.5737179487179487 0.03125 0.046474358974358976
1 0.8701923076923077 0.5753205128205128 0.03245192307692308 0.038461538461538464
1 0.38221153846153844 0.5769230769230769 0.037259615384615384 0.046474358974358976
1 0.5697115384615384 0.5785256410256411 0.03485576923076923 0.04326923076923077
1 0.34615384615384615 0.5801282051282052 0.03245192307692308 0.041666666666666664
1 0.5168269230769231 0.5817307692307693 0.036057692307692304 0.04487179487179487
1 0.1778846153846154 0.5849358974358975 0.03365384615384615 0.04326923076923077
1 0.4543269230769231 0.5865384615384616 0.02283653846153846 0.035256410256410256
1 0.6971153846153846 0.5913461538461539 0.038461538461538464 0.041666666666666664
1 0.41466346153846156 0.5913461538461539 0.03485576923076923 0.04006410256410257
1 0.23197115384615385 0.5993589743589743 0.04447115384615385 0.052884615384615384
1 0.28725961538461536 0.6041666666666666 0.028846153846153848 0.03685897435897436
1 0.6418269230769231 0.6057692307692307 0.04447115384615385 0.05929487179487179
1 0.7295673076923077 0.6057692307692307 0.026442307692307692 0.03205128205128205
1 0.31850961538461536 0.6073717948717948 0.030048076923076924 0.03685897435897436
1 0.5973557692307693 0.6121794871794872 0.038461538461538464 0.04807692307692308
1 0.3641826923076923 0.6153846153846154 0.03125 0.04006410256410257
1 0.19471153846153846 0.6153846153846154 0.025240384615384616 0.038461538461538464
1 0.13581730769230768 0.6153846153846154 0.026442307692307692 0.041666666666666664
1 0.16826923076923078 0.6185897435897436 0.025240384615384616 0.028846153846153848
1 0.5528846153846154 0.6185897435897436 0.039663461538461536 0.052884615384615384
1 0.47596153846153844 0.6217948717948718 0.04326923076923077 0.049679487179487176
1 0.6790865384615384 0.6233974358974359 0.036057692307692304 0.03685897435897436
1 0.43509615384615385 0.6266025641025641 0.037259615384615384 0.046474358974358976
0 0.2091346153846154 0.6266025641025641 0.009615384615384616 0.18269230769230768
1 0.5144230769230769 0.6282051282051282 0.03365384615384615 0.04326923076923077
1 0.3954326923076923 0.6362179487179487 0.038461538461538464 0.05128205128205128
1 0.2620192307692308 0.6410256410256411 0.037259615384615384 0.04487179487179487
1 0.3425480769230769 0.6426282051282052 0.03485576923076923 0.04487179487179487
1 0.3016826923076923 0.6458333333333334 0.03245192307692308 0.04326923076923077
1 0.22235576923076922 0.6506410256410257 0.030048076923076924 0.041666666666666664
1 0.6262019230769231 0.6506410256410257 0.03365384615384615 0.038461538461538464
1 0.1141826923076923 0.6522435897435898 0.03365384615384615 0.04807692307692308
1 0.15745192307692307 0.6522435897435898 0.028846153846153848 0.04006410256410257
1 0.19230769230769232 0.657051282051282 0.025240384615384616 0.03365384615384615
1 0.5949519230769231 0.6586538461538461 0.03485576923076923 0.035256410256410256
1 0.5336538461538461 0.6634615384615384 0.03245192307692308 0.03365384615384615
1 0.5637019230769231 0.6634615384615384 0.026442307692307692 0.035256410256410256
1 0.07091346153846154 0.6907051282051282 0.03245192307692308 0.04326923076923077