1 0.9855769230769231 0.6282051282051282 0.025240384615384616 0.0673076923076923
1 0.9302884615384616 0.6346153846153846 0.04927884615384615 0.052884615384615384
1 0.8533653846153846 0.6041666666666666 0.06971153846153846 0.09134615384615384
1 0.7740384615384616 0.6298076923076923 0.05048076923076923 0.060897435897435896
1 0.796875 0.5801282051282052 0.042067307692307696 0.05448717948717949
1 0.7223557692307693 0.6298076923076923 0.04447115384615385 0.05608974358974359
1 0.7728365384615384 0.5256410256410257 0.04567307692307692 0.057692307692307696
1 0.75 0.5785256410256411 0.046875 0.0625
1 0.7692307692307693 0.46794871794871795 0.04447115384615385 0.052884615384615384
1 0.7223557692307693 0.5256410256410257 0.05048076923076923 0.07051282051282051
1 0.6983173076923077 0.5785256410256411 0.05048076923076923 0.06570512820512821
1 0.6814903846153846 0.6330128205128205 0.042067307692307696 0.05128205128205128
1 0.7247596153846154 0.46314102564102566 0.036057692307692304 0.049679487179487176
1 0.703125 0.40705128205128205 0.04807692307692308 0.07211538461538461
1 0.6826923076923077 0.4791666666666667 0.04567307692307692 0.0641025641025641
1 0.6598557692307693 0.5352564102564102 0.052884615384615384 0.06570512820512821
1 0.6526442307692307 0.594551282051282 0.037259615384615384 0.04807692307692308
1 0.6382211538461539 0.6346153846153846 0.038461538461538464 0.04807692307692308
1 0.6490384615384616 0.4310897435897436 0.042067307692307696 0.057692307692307696
1 0.6346153846153846 0.4807692307692308 0.051682692307692304 0.07211538461538461
1 0.6009615384615384 0.5528846153846154 0.052884615384615384 0.07211538461538461
1 0.5913461538461539 0.6201923076923077 0.051682692307692304 0.0641025641025641
1 0.6490384615384616 0.34935897435897434 0.04447115384615385 0.0625
1 0.6105769230769231 0.3974358974358974 0.04447115384615385 0.07051282051282051
1 0.5733173076923077 0.4407051282051282 0.051682692307692304 0.06891025641025642
1 0.5625 0.5096153846153846 0.04567307692307692 0.05929487179487179
1 0.5420673076923077 0.5544871794871795 0.040865384615384616 0.05128205128205128
1 0.5420673076923077 0.6266025641025641 0.04927884615384615 0.05929487179487179
1 0.6069711538461539 0.3317307692307692 0.037259615384615384 0.05128205128205128
1 0.5661057692307693 0.375 0.04447115384615385 0.057692307692307696
1 0.5276442307692307 0.40384615384615385 0.042067307692307696 0.0625
1 0.5276442307692307 0.47596153846153844 0.04326923076923077 0.057692307692307696
1 0.5060096153846154 0.532051282051282 0.04326923076923077 0.057692307692307696
1 0.49399038461538464 0.5961538461538461 0.046875 0.05929487179487179
1 0.5264423076923077 0.33653846153846156 0.04927884615384615 0.05929487179487179
1 0.48677884615384615 0.3766025641025641 0.039663461538461536 0.052884615384615384
1 0.49038461538461536 0.4391025641025641 0.05048076923076923 0.0625
1 0.4639423076923077 0.48717948717948717 0.037259615384615384 0.049679487179487176
1 0.4651442307692308 0.5576923076923077 0.038461538461538464 0.04807692307692308
1 0.4423076923076923 0.6153846153846154 0.054086538461538464 0.07211538461538461
1 0.4326923076923077 0.44551282051282054 0.052884615384615384 0.06891025641025642
1 0.42788461538461536 0.5208333333333334 0.052884615384615384 0.06891025641025642
1 0.39783653846153844 0.6282051282051282 0.040865384615384616 0.057692307692307696
1 0.3798076923076923 0.47275641025641024 0.04326923076923077 0.057692307692307696
1 0.3605769230769231 0.5368589743589743 0.055288461538461536 0.07371794871794872
1 0.35336538461538464 0.6153846153846154 0.057692307692307696 0.07692307692307693
1 0.34615384615384615 0.4326923076923077 0.042067307692307696 0.060897435897435896
1 0.32211538461538464 0.49038461538461536 0.05048076923076923 0.07211538461538461
1 0.3161057692307692 0.5592948717948718 0.040865384615384616 0.057692307692307696
1 0.30288461538461536 0.6137820512820513 0.04567307692307692 0.0641025641025641
1 0.28846153846153844 0.4391025641025641 0.055288461538461536 0.07852564102564102
1 0.25721153846153844 0.5 0.054086538461538464 0.06570512820512821
1 0.2800480769230769 0.5560897435897436 0.038461538461538464 0.05608974358974359
1 0.25 0.625 0.04447115384615385 0.05128205128205128
1 0.22596153846153846 0.5592948717948718 0.052884615384615384 0.0673076923076923
1 0.20432692307692307 0.6185897435897436 0.042067307692307696 0.052884615384615384
1 0.16466346153846154 0.5657051282051282 0.038461538461538464 0.05128205128205128
1 0.14423076923076922 0.6169871794871795 0.04567307692307692 0.05608974358974359
1 0.08533653846153846 0.6057692307692307 0.037259615384615384 0.052884615384615384
1 0.038461538461538464 0.6137820512820513 0.046875 0.06570512820512821
1 0.6334134615384616 0.4983974358974359 0.010817307692307692 0.28365384615384615
1 0.44711538461538464 0.46634615384615385 0.8882211538461539 0.38782051282051283