1 0.3798076923076923 0.2840909090909091 0.027644230769230768 0.07102272727272728
1 0.46875 0.2869318181818182 0.02283653846153846 0.048295454545454544
1 0.5997596153846154 0.2897727272727273 0.018028846153846152 0.03409090909090909
1 0.33774038461538464 0.2897727272727273 0.028846153846153848 0.0625
1 0.7872596153846154 0.29261363636363635 0.021634615384615384 0.048295454545454544
1 0.8377403846153846 0.29261363636363635 0.02403846153846154 0.048295454545454544
1 0.7223557692307693 0.29261363636363635 0.019230769230769232 0.036931818181818184
1 0.6875 0.29829545454545453 0.020432692307692308 0.05113636363636364
1 0.6706730769230769 0.29829545454545453 0.018028846153846152 0.045454545454545456
1 0.22115384615384615 0.29829545454545453 0.030048076923076924 0.07954545454545454
1 0.30528846153846156 0.30113636363636365 0.028846153846153848 0.05965909090909091
1 0.6502403846153846 0.3068181818181818 0.026442307692307692 0.05113636363636364
1 0.45072115384615385 0.3068181818181818 0.013221153846153846 0.028409090909090908
1 0.41466346153846156 0.3096590909090909 0.025240384615384616 0.048295454545454544
1 0.48677884615384615 0.3096590909090909 0.02283653846153846 0.056818181818181816
1 0.7475961538461539 0.3125 0.014423076923076924 0.028409090909090908
1 0.6177884615384616 0.3153409090909091 0.025240384615384616 0.06818181818181818
1 0.5745192307692307 0.3153409090909091 0.026442307692307692 0.056818181818181816
1 0.47115384615384615 0.3181818181818182 0.007211538461538462 0.022727272727272728
1 0.5432692307692307 0.3210227272727273 0.030048076923076924 0.07670454545454546
1 0.5108173076923077 0.32386363636363635 0.013221153846153846 0.019886363636363636
1 0.39302884615384615 0.32386363636363635 0.014423076923076924 0.03977272727272727
1 0.27884615384615385 0.32386363636363635 0.015625 0.03125
1 0.36778846153846156 0.32954545454545453 0.006009615384615385 0.02556818181818182
1 0.8064903846153846 0.32954545454545453 0.027644230769230768 0.07386363636363637
1 0.4338942307692308 0.32954545454545453 0.026442307692307692 0.06534090909090909
1 0.5985576923076923 0.33238636363636365 0.030048076923076924 0.05397727272727273
1 0.3545673076923077 0.3352272727272727 0.018028846153846152 0.05113636363636364
1 0.265625 0.3380681818181818 0.01201923076923077 0.03409090909090909
1 0.7043269230769231 0.3409090909090909 0.016826923076923076 0.036931818181818184
1 0.7295673076923077 0.34375 0.018028846153846152 0.04261363636363636
1 0.7487980769230769 0.34375 0.019230769230769232 0.045454545454545456
1 0.37740384615384615 0.34375 0.009615384615384616 0.028409090909090908
1 0.7728365384615384 0.34375 0.030048076923076924 0.06534090909090909
1 0.46033653846153844 0.34375 0.016826923076923076 0.045454545454545456
1 0.24879807692307693 0.3494318181818182 0.015625 0.036931818181818184
1 0.6322115384615384 0.3494318181818182 0.02283653846153846 0.03977272727272727
1 0.29086538461538464 0.3494318181818182 0.016826923076923076 0.04261363636363636
1 0.6610576923076923 0.35511363636363635 0.02403846153846154 0.06534090909090909
1 0.19951923076923078 0.35795454545454547 0.021634615384615384 0.0625
1 0.31490384615384615 0.35795454545454547 0.03125 0.10511363636363637
1 0.22235576923076922 0.35795454545454547 0.01201923076923077 0.03125
1 0.5048076923076923 0.36079545454545453 0.03245192307692308 0.06534090909090909
1 0.828125 0.36363636363636365 0.03485576923076923 0.07102272727272728
1 0.6923076923076923 0.3664772727272727 0.020432692307692308 0.05397727272727273
1 0.23317307692307693 0.3693181818181818 0.015625 0.03977272727272727
1 0.36899038461538464 0.3693181818181818 0.008413461538461538 0.02556818181818182
1 0.47836538461538464 0.375 0.021634615384615384 0.05113636363636364
1 0.4170673076923077 0.3778409090909091 0.02403846153846154 0.05113636363636364
1 0.7127403846153846 0.3778409090909091 0.019230769230769232 0.04261363636363636
1 0.390625 0.3806818181818182 0.021634615384615384 0.048295454545454544
1 0.7944711538461539 0.3806818181818182 0.010817307692307692 0.028409090909090908
1 0.5721153846153846 0.3835227272727273 0.015625 0.03977272727272727
1 0.35096153846153844 0.38636363636363635 0.010817307692307692 0.028409090909090908
1 0.5432692307692307 0.38920454545454547 0.025240384615384616 0.048295454545454544
1 0.21514423076923078 0.38920454545454547 0.013221153846153846 0.036931818181818184
1 0.6466346153846154 0.39204545454545453 0.013221153846153846 0.03409090909090909
1 0.9026442307692307 0.39204545454545453 0.018028846153846152 0.056818181818181816
1 0.46033653846153844 0.39488636363636365 0.016826923076923076 0.04261363636363636
1 0.7560096153846154 0.3977272727272727 0.027644230769230768 0.05113636363636364
1 0.26802884615384615 0.4005681818181818 0.036057692307692304 0.08522727272727272
1 0.43990384615384615 0.40625 0.020432692307692308 0.05965909090909091
1 0.8533653846153846 0.40625 0.030048076923076924 0.06818181818181818
1 0.6069711538461539 0.4090909090909091 0.02403846153846154 0.06534090909090909
1 0.3701923076923077 0.4119318181818182 0.021634615384615384 0.05113636363636364
1 0.6670673076923077 0.4119318181818182 0.018028846153846152 0.045454545454545456
1 0.8076923076923077 0.4119318181818182 0.020432692307692308 0.05965909090909091
1 0.23798076923076922 0.4147727272727273 0.025240384615384616 0.05965909090909091
1 0.6875 0.4147727272727273 0.018028846153846152 0.036931818181818184
1 0.5805288461538461 0.41761363636363635 0.021634615384615384 0.048295454545454544
1 0.4050480769230769 0.41761363636363635 0.019230769230769232 0.048295454545454544
1 0.6322115384615384 0.42045454545454547 0.020432692307692308 0.05397727272727273
1 0.30288461538461536 0.42045454545454547 0.010817307692307692 0.022727272727272728
1 0.19230769230769232 0.42329545454545453 0.02403846153846154 0.06534090909090909
1 0.4951923076923077 0.42329545454545453 0.02403846153846154 0.056818181818181816
1 0.34134615384615385 0.42613636363636365 0.030048076923076924 0.08522727272727272
1 0.7848557692307693 0.4289772727272727 0.025240384615384616 0.05397727272727273
1 0.4230769230769231 0.4289772727272727 0.015625 0.03125
1 0.7019230769230769 0.4346590909090909 0.020432692307692308 0.05113636363636364
1 0.2932692307692308 0.4375 0.013221153846153846 0.028409090909090908
1 0.8882211538461539 0.4375 0.026442307692307692 0.07386363636363637
1 0.4735576923076923 0.4375 0.025240384615384616 0.06534090909090909
1 0.6454326923076923 0.4403409090909091 0.02283653846153846 0.05965909090909091
1 0.3870192307692308 0.4431818181818182 0.018028846153846152 0.05113636363636364
1 0.21634615384615385 0.4431818181818182 0.019230769230769232 0.048295454545454544
1 0.24759615384615385 0.4431818181818182 0.015625 0.03125
1 0.5516826923076923 0.4431818181818182 0.015625 0.036931818181818184
1 0.7247596153846154 0.44886363636363635 0.015625 0.05113636363636364
1 0.36538461538461536 0.44886363636363635 0.01201923076923077 0.02556818181818182
2 0.484375 0.44886363636363635 0.8557692307692307 0.6960227272727273
1 0.5336538461538461 0.45170454545454547 0.016826923076923076 0.04261363636363636
1 0.5637019230769231 0.45170454545454547 0.015625 0.045454545454545456
1 0.7524038461538461 0.45738636363636365 0.030048076923076924 0.056818181818181816
1 0.8221153846153846 0.45738636363636365 0.016826923076923076 0.056818181818181816
1 0.2776442307692308 0.45738636363636365 0.010817307692307692 0.02556818181818182
1 0.8425480769230769 0.4602272727272727 0.020432692307692308 0.048295454545454544
1 0.2620192307692308 0.4659090909090909 0.015625 0.036931818181818184
1 0.5132211538461539 0.4659090909090909 0.025240384615384616 0.05113636363636364
1 0.8052884615384616 0.46875 0.016826923076923076 0.05113636363636364
1 0.6862980769230769 0.46875 0.009615384615384616 0.028409090909090908
1 0.6189903846153846 0.46875 0.015625 0.03409090909090909
1 0.6069711538461539 0.46875 0.015625 0.03977272727272727
1 0.4483173076923077 0.4715909090909091 0.018028846153846152 0.045454545454545456
1 0.22716346153846154 0.4715909090909091 0.009615384615384616 0.028409090909090908
1 0.1875 0.4715909090909091 0.019230769230769232 0.03977272727272727
1 0.16947115384615385 0.4744318181818182 0.016826923076923076 0.04261363636363636
1 0.4110576923076923 0.4744318181818182 0.019230769230769232 0.03977272727272727
1 0.2403846153846154 0.4744318181818182 0.01201923076923077 0.03409090909090909
1 0.3137019230769231 0.4772727272727273 0.039663461538461536 0.07386363636363637
1 0.5829326923076923 0.4772727272727273 0.025240384615384616 0.06534090909090909
1 0.20552884615384615 0.4772727272727273 0.013221153846153846 0.036931818181818184
1 0.47115384615384615 0.4772727272727273 0.008413461538461538 0.017045454545454544
1 0.4855769230769231 0.48011363636363635 0.016826923076923076 0.03409090909090909
1 0.6947115384615384 0.48295454545454547 0.018028846153846152 0.036931818181818184
1 0.5432692307692307 0.48579545454545453 0.015625 0.04261363636363636
1 0.3557692307692308 0.48579545454545453 0.019230769230769232 0.048295454545454544
1 0.4338942307692308 0.48579545454545453 0.013221153846153846 0.03409090909090909
1 0.28966346153846156 0.48863636363636365 0.015625 0.03125
1 0.8617788461538461 0.48863636363636365 0.03125 0.06534090909090909
1 0.38100961538461536 0.48863636363636365 0.021634615384615384 0.056818181818181816
1 0.21754807692307693 0.4971590909090909 0.013221153846153846 0.028409090909090908
1 0.24639423076923078 0.4971590909090909 0.007211538461538462 0.017045454545454544
1 0.6394230769230769 0.4971590909090909 0.021634615384615384 0.05113636363636364
1 0.5012019230769231 0.4971590909090909 0.013221153846153846 0.03977272727272727
1 0.7139423076923077 0.5 0.02403846153846154 0.06534090909090909
1 0.5240384615384616 0.5 0.019230769230769232 0.03977272727272727
1 0.4206730769230769 0.5028409090909091 0.018028846153846152 0.04261363636363636
1 0.23076923076923078 0.5056818181818182 0.014423076923076924 0.04261363636363636
1 0.4579326923076923 0.5056818181818182 0.014423076923076924 0.03125
1 0.25841346153846156 0.5056818181818182 0.016826923076923076 0.04261363636363636
1 0.17668269230769232 0.5085227272727273 0.010817307692307692 0.02556818181818182
1 0.4014423076923077 0.5113636363636364 0.020432692307692308 0.045454545454545456
1 0.5925480769230769 0.5113636363636364 0.019230769230769232 0.03409090909090909
1 0.33774038461538464 0.5113636363636364 0.02283653846153846 0.056818181818181816
1 0.8329326923076923 0.5142045454545454 0.027644230769230768 0.05397727272727273
1 0.6646634615384616 0.5142045454545454 0.037259615384615384 0.11363636363636363
1 0.15625 0.5170454545454546 0.02283653846153846 0.05965909090909091
1 0.2439903846153846 0.5198863636363636 0.009615384615384616 0.02556818181818182
1 0.5637019230769231 0.5198863636363636 0.028846153846153848 0.05397727272727273
1 0.19951923076923078 0.5198863636363636 0.015625 0.04261363636363636
1 0.3605769230769231 0.5227272727272727 0.015625 0.03977272727272727
1 0.8052884615384616 0.5227272727272727 0.027644230769230768 0.056818181818181816
1 0.6237980769230769 0.5255681818181818 0.02283653846153846 0.07102272727272728
1 0.21634615384615385 0.5284090909090909 0.01201923076923077 0.028409090909090908
1 0.49038461538461536 0.5284090909090909 0.013221153846153846 0.036931818181818184
1 0.7788461538461539 0.5284090909090909 0.016826923076923076 0.045454545454545456
1 0.6995192307692307 0.53125 0.019230769230769232 0.04261363636363636
1 0.7415865384615384 0.53125 0.02283653846153846 0.05113636363636364
1 0.7644230769230769 0.5340909090909091 0.015625 0.03409090909090909
1 0.5396634615384616 0.5340909090909091 0.02283653846153846 0.05397727272727273
1 0.37740384615384615 0.5369318181818182 0.009615384615384616 0.019886363636363636
1 0.2800480769230769 0.5369318181818182 0.020432692307692308 0.048295454545454544
1 0.5120192307692307 0.5397727272727273 0.025240384615384616 0.06534090909090909
1 0.4699519230769231 0.5397727272727273 0.019230769230769232 0.056818181818181816
1 0.38822115384615385 0.5397727272727273 0.01201923076923077 0.028409090909090908
1 0.23557692307692307 0.5426136363636364 0.006009615384615385 0.017045454545454544
1 0.30649038461538464 0.5426136363636364 0.02283653846153846 0.05113636363636364
1 0.609375 0.5426136363636364 0.019230769230769232 0.05397727272727273
1 0.1778846153846154 0.5454545454545454 0.03125 0.056818181818181816
1 0.8569711538461539 0.5454545454545454 0.025240384615384616 0.05397727272727273
1 0.4254807692307692 0.5482954545454546 0.015625 0.045454545454545456
1 0.22716346153846154 0.5511363636363636 0.013221153846153846 0.02556818181818182
1 0.40625 0.5539772727272727 0.016826923076923076 0.045454545454545456
1 0.44471153846153844 0.5568181818181818 0.027644230769230768 0.05965909090909091
1 0.3269230769230769 0.5568181818181818 0.016826923076923076 0.04261363636363636
1 0.359375 0.5568181818181818 0.01201923076923077 0.03125
1 0.7920673076923077 0.5568181818181818 0.013221153846153846 0.03125
1 0.5889423076923077 0.5568181818181818 0.02283653846153846 0.05397727272727273
1 0.20192307692307693 0.5596590909090909 0.01201923076923077 0.03125
1 0.375 0.5625 0.010817307692307692 0.02556818181818182
1 0.8245192307692307 0.5625 0.030048076923076924 0.05113636363636364
1 0.21634615384615385 0.5653409090909091 0.014423076923076924 0.028409090909090908
1 0.7788461538461539 0.5653409090909091 0.014423076923076924 0.03409090909090909
1 0.24879807692307693 0.5653409090909091 0.018028846153846152 0.045454545454545456
1 0.7632211538461539 0.5710227272727273 0.02283653846153846 0.045454545454545456
1 0.13341346153846154 0.5710227272727273 0.030048076923076924 0.08238636363636363
1 0.23317307692307693 0.5710227272727273 0.008413461538461538 0.017045454545454544
1 0.7139423076923077 0.5738636363636364 0.026442307692307692 0.06534090909090909
1 0.5625 0.5767045454545454 0.016826923076923076 0.03409090909090909
1 0.29447115384615385 0.5767045454545454 0.014423076923076924 0.036931818181818184
1 0.6225961538461539 0.5767045454545454 0.018028846153846152 0.045454545454545456
1 0.2776442307692308 0.5767045454545454 0.015625 0.03125
1 0.36658653846153844 0.5767045454545454 0.006009615384615385 0.017045454545454544
1 0.6622596153846154 0.5795454545454546 0.015625 0.04261363636363636
1 0.6802884615384616 0.5795454545454546 0.02403846153846154 0.056818181818181816
1 0.34134615384615385 0.5823863636363636 0.018028846153846152 0.05113636363636364
1 0.8834134615384616 0.5852272727272727 0.039663461538461536 0.09090909090909091
1 0.5769230769230769 0.5852272727272727 0.01201923076923077 0.03125
1 0.4963942307692308 0.5852272727272727 0.021634615384615384 0.06534090909090909
1 0.7415865384615384 0.5880681818181818 0.021634615384615384 0.048295454545454544
1 0.31490384615384615 0.5880681818181818 0.016826923076923076 0.036931818181818184
1 0.3918269230769231 0.5880681818181818 0.027644230769230768 0.0625
1 0.4182692307692308 0.5880681818181818 0.019230769230769232 0.048295454545454544
1 0.17067307692307693 0.5880681818181818 0.014423076923076924 0.03409090909090909
1 0.24879807692307693 0.5965909090909091 0.01201923076923077 0.022727272727272728
1 0.2668269230769231 0.5994318181818182 0.01201923076923077 0.03125
1 0.25721153846153844 0.6022727272727273 0.009615384615384616 0.02556818181818182
1 0.7632211538461539 0.6022727272727273 0.014423076923076924 0.028409090909090908
1 0.8293269230769231 0.6051136363636364 0.01201923076923077 0.03409090909090909
1 0.5180288461538461 0.6079545454545454 0.03245192307692308 0.07386363636363637
1 0.609375 0.6079545454545454 0.016826923076923076 0.03125
1 0.22355769230769232 0.6079545454545454 0.018028846153846152 0.04261363636363636
1 0.15865384615384615 0.6107954545454546 0.016826923076923076 0.036931818181818184
1 0.6947115384615384 0.6107954545454546 0.021634615384615384 0.04261363636363636
1 0.1935096153846154 0.6136363636363636 0.015625 0.03977272727272727
1 0.46634615384615385 0.6136363636363636 0.02283653846153846 0.05397727272727273
1 0.5697115384615384 0.6136363636363636 0.014423076923076924 0.036931818181818184
1 0.5913461538461539 0.6164772727272727 0.02283653846153846 0.05113636363636364
1 0.3293269230769231 0.6193181818181818 0.02403846153846154 0.05113636363636364
1 0.6778846153846154 0.6193181818181818 0.016826923076923076 0.036931818181818184
1 0.12860576923076922 0.6193181818181818 0.015625 0.03409090909090909
1 0.5492788461538461 0.6193181818181818 0.016826923076923076 0.045454545454545456
1 0.796875 0.6221590909090909 0.030048076923076924 0.07386363636363637
1 0.36778846153846156 0.6221590909090909 0.021634615384615384 0.056818181818181816
1 0.16947115384615385 0.625 0.009615384615384616 0.019886363636363636
1 0.30288461538461536 0.625 0.016826923076923076 0.045454545454545456
1 0.28125 0.625 0.021634615384615384 0.05113636363636364
1 0.23918269230769232 0.6278409090909091 0.013221153846153846 0.03125
1 0.18269230769230768 0.6278409090909091 0.004807692307692308 0.014204545454545454
1 0.65625 0.6278409090909091 0.02283653846153846 0.05113636363636364
1 0.4879807692307692 0.6306818181818182 0.008413461538461538 0.019886363636363636
1 0.8461538461538461 0.6363636363636364 0.030048076923076924 0.06534090909090909
1 0.6213942307692307 0.6363636363636364 0.025240384615384616 0.056818181818181816
1 0.5769230769230769 0.6392045454545454 0.01201923076923077 0.028409090909090908
1 0.26322115384615385 0.6420454545454546 0.025240384615384616 0.05113636363636364
1 0.17908653846153846 0.6420454545454546 0.010817307692307692 0.019886363636363636
1 0.40625 0.6420454545454546 0.021634615384615384 0.05397727272727273
1 0.4387019230769231 0.6448863636363636 0.02283653846153846 0.07102272727272728
1 0.7391826923076923 0.6448863636363636 0.014423076923076924 0.03977272727272727
1 0.5432692307692307 0.6448863636363636 0.008413461538461538 0.019886363636363636
1 0.7223557692307693 0.6477272727272727 0.02283653846153846 0.0625
1 0.22596153846153846 0.6505681818181818 0.018028846153846152 0.036931818181818184
1 0.5060096153846154 0.6505681818181818 0.006009615384615385 0.014204545454545454
1 0.14783653846153846 0.6505681818181818 0.021634615384615384 0.05397727272727273
1 0.7620192307692307 0.6505681818181818 0.025240384615384616 0.05965909090909091
1 0.20192307692307693 0.6534090909090909 0.015625 0.036931818181818184
1 0.1141826923076923 0.6534090909090909 0.027644230769230768 0.05965909090909091
1 0.3125 0.65625 0.014423076923076924 0.03125
1 0.6658653846153846 0.65625 0.007211538461538462 0.022727272727272728
1 0.4855769230769231 0.6619318181818182 0.009615384615384616 0.028409090909090908
1 0.38221153846153844 0.6619318181818182 0.018028846153846152 0.04261363636363636
1 0.9951923076923077 0.6661931818181818 0.007211538461538462 0.07102272727272728
1 0.24278846153846154 0.6647727272727273 0.016826923076923076 0.03977272727272727
1 0.34375 0.6647727272727273 0.020432692307692308 0.045454545454545456
1 0.17067307692307693 0.6647727272727273 0.01201923076923077 0.03409090909090909
1 0.46875 0.6647727272727273 0.019230769230769232 0.048295454545454544
1 0.1875 0.6647727272727273 0.015625 0.03125
1 0.2800480769230769 0.6676136363636364 0.015625 0.03977272727272727
1 0.5180288461538461 0.6676136363636364 0.018028846153846152 0.036931818181818184
1 0.421875 0.6704545454545454 0.015625 0.04261363636363636
1 0.6382211538461539 0.6704545454545454 0.021634615384615384 0.05113636363636364
1 0.36177884615384615 0.6704545454545454 0.01201923076923077 0.02556818181818182
1 0.5504807692307693 0.6704545454545454 0.013221153846153846 0.03125
1 0.6021634615384616 0.6732954545454546 0.02283653846153846 0.0625
1 0.29927884615384615 0.6732954545454546 0.016826923076923076 0.036931818181818184
1 0.6959134615384616 0.6761363636363636 0.020432692307692308 0.05113636363636364
1 0.3245192307692308 0.6761363636363636 0.014423076923076924 0.03977272727272727
1 0.9663461538461539 0.6818181818181818 0.02403846153846154 0.05113636363636364
1 0.3942307692307692 0.6818181818181818 0.014423076923076924 0.028409090909090908
1 0.8185096153846154 0.6818181818181818 0.03365384615384615 0.08238636363636363
1 0.5745192307692307 0.6818181818181818 0.015625 0.045454545454545456
1 0.6766826923076923 0.6846590909090909 0.014423076923076924 0.04261363636363636
1 0.15745192307692307 0.6846590909090909 0.015625 0.03409090909090909
1 0.3557692307692308 0.6846590909090909 0.007211538461538462 0.019886363636363636
1 0.09735576923076923 0.6846590909090909 0.015625 0.04261363636363636
1 0.14543269230769232 0.6875 0.01201923076923077 0.03409090909090909
1 0.5384615384615384 0.6903409090909091 0.016826923076923076 0.048295454545454544
1 0.7836538461538461 0.6903409090909091 0.028846153846153848 0.07670454545454546
1 0.19831730769230768 0.6903409090909091 0.02283653846153846 0.03977272727272727
1 0.1814903846153846 0.6903409090909091 0.014423076923076924 0.03977272727272727
1 0.5564903846153846 0.6931818181818182 0.015625 0.03977272727272727
1 0.22115384615384615 0.6931818181818182 0.019230769230769232 0.045454545454545456
1 0.2668269230769231 0.6960227272727273 0.016826923076923076 0.036931818181818184
1 0.4495192307692308 0.6960227272727273 0.020432692307692308 0.05113636363636364
1 0.6201923076923077 0.6988636363636364 0.020432692307692308 0.04261363636363636
1 0.28846153846153844 0.6988636363636364 0.015625 0.03125
1 0.6634615384615384 0.7017045454545454 0.015625 0.03977272727272727
1 0.7295673076923077 0.7045454545454546 0.020432692307692308 0.05397727272727273
1 0.6490384615384616 0.7045454545454546 0.013221153846153846 0.036931818181818184
1 0.484375 0.7045454545454546 0.018028846153846152 0.03977272727272727
1 0.36899038461538464 0.7045454545454546 0.019230769230769232 0.04261363636363636
1 0.16706730769230768 0.7045454545454546 0.01201923076923077 0.02556818181818182
1 0.9338942307692307 0.7073863636363636 0.02403846153846154 0.056818181818181816
1 0.33653846153846156 0.7073863636363636 0.015625 0.036931818181818184
1 0.5060096153846154 0.7073863636363636 0.025240384615384616 0.056818181818181816
1 0.9885817307692307 0.7102272727272727 0.020432692307692308 0.056818181818181816
1 0.12860576923076922 0.7102272727272727 0.014423076923076924 0.03125
1 0.4326923076923077 0.7102272727272727 0.015625 0.04261363636363636
1 0.24519230769230768 0.7102272727272727 0.019230769230769232 0.05113636363636364
1 0.41346153846153844 0.7130681818181818 0.020432692307692308 0.045454545454545456
1 0.7596153846153846 0.7130681818181818 0.02283653846153846 0.05397727272727273
1 0.15625 0.7130681818181818 0.013221153846153846 0.02556818181818182
1 0.4675480769230769 0.7130681818181818 0.010817307692307692 0.02556818181818182
1 0.07451923076923077 0.7159090909090909 0.016826923076923076 0.028409090909090908
1 0.31490384615384615 0.7159090909090909 0.018028846153846152 0.045454545454545456
1 0.35336538461538464 0.7159090909090909 0.013221153846153846 0.036931818181818184
1 0.1045673076923077 0.7159090909090909 0.008413461538461538 0.014204545454545454
1 0.08533653846153846 0.71875 0.007211538461538462 0.02556818181818182
1 0.38822115384615385 0.71875 0.019230769230769232 0.03977272727272727
1 0.11778846153846154 0.71875 0.004807692307692308 0.019886363636363636
1 0.17548076923076922 0.7215909090909091 0.015625 0.028409090909090908
1 0.6850961538461539 0.7215909090909091 0.019230769230769232 0.05113636363636364
1 0.6358173076923077 0.7215909090909091 0.015625 0.036931818181818184
1 0.22596153846153846 0.7272727272727273 0.008413461538461538 0.02556818181818182
1 0.2127403846153846 0.7329545454545454 0.01201923076923077 0.022727272727272728
1 0.7055288461538461 0.7329545454545454 0.014423076923076924 0.03977272727272727
1 0.296875 0.7357954545454546 0.014423076923076924 0.03409090909090909
1 0.2764423076923077 0.7357954545454546 0.016826923076923076 0.03409090909090909
1 0.48197115384615385 0.7357954545454546 0.007211538461538462 0.017045454545454544
1 0.3425480769230769 0.7357954545454546 0.01201923076923077 0.02556818181818182
1 0.3762019230769231 0.7386363636363636 0.015625 0.03125
1 0.49399038461538464 0.7386363636363636 0.013221153846153846 0.028409090909090908
1 0.47475961538461536 0.7386363636363636 0.01201923076923077 0.03409090909090909
1 0.9675480769230769 0.7386363636363636 0.025240384615384616 0.048295454545454544
1 0.40024038461538464 0.7414772727272727 0.018028846153846152 0.03977272727272727
1 0.44711538461538464 0.7443181818181818 0.02283653846153846 0.048295454545454544
1 0.43028846153846156 0.7471590909090909 0.014423076923076924 0.03409090909090909
1 0.546875 0.75 0.025240384615384616 0.0625
1 0.6045673076923077 0.75 0.019230769230769232 0.056818181818181816
1 0.5805288461538461 0.7556818181818182 0.026442307692307692 0.06534090909090909
1 0.5240384615384616 0.7556818181818182 0.015625 0.048295454545454544
1 0.5084134615384616 0.7556818181818182 0.019230769230769232 0.03409090909090909
1 0.48197115384615385 0.7556818181818182 0.009615384615384616 0.019886363636363636
1 0.9939903846153846 0.765625 0.009615384615384616 0.05397727272727273
1 0.6310096153846154 0.7642045454545454 0.016826923076923076 0.04261363636363636
1 0.6526442307692307 0.7670454545454546 0.018028846153846152 0.048295454545454544
1 0.7019230769230769 0.16761363636363635 0.025240384615384616 0.07102272727272728
1 0.7512019230769231 0.18181818181818182 0.038461538461538464 0.09375
1 0.8088942307692307 0.19602272727272727 0.046875 0.11079545454545454
1 0.5048076923076923 0.19886363636363635 0.027644230769230768 0.07386363636363637
1 0.6442307692307693 0.19886363636363635 0.021634615384615384 0.05113636363636364
1 0.6790865384615384 0.20170454545454544 0.021634615384615384 0.05965909090909091
1 0.4795673076923077 0.20738636363636365 0.013221153846153846 0.036931818181818184
1 0.5769230769230769 0.21022727272727273 0.020432692307692308 0.05113636363636364
1 0.40625 0.21306818181818182 0.025240384615384616 0.05965909090909091
1 0.5432692307692307 0.21306818181818182 0.013221153846153846 0.03125
1 0.7259615384615384 0.2159090909090909 0.019230769230769232 0.04261363636363636
1 0.4411057692307692 0.21875 0.009615384615384616 0.03125
1 0.46033653846153844 0.22443181818181818 0.025240384615384616 0.07386363636363637
1 0.484375 0.23579545454545456 0.015625 0.03125
1 0.6586538461538461 0.24147727272727273 0.03125 0.06818181818181818
1 0.7776442307692307 0.24147727272727273 0.02283653846153846 0.05397727272727273
1 0.7283653846153846 0.24147727272727273 0.009615384615384616 0.02556818181818182
1 0.6057692307692307 0.24431818181818182 0.02403846153846154 0.06818181818181818
1 0.625 0.2471590909090909 0.019230769230769232 0.05965909090909091
1 0.5384615384615384 0.25 0.015625 0.045454545454545456
1 0.35697115384615385 0.25 0.020432692307692308 0.05113636363636364
1 0.7055288461538461 0.25 0.027644230769230768 0.06534090909090909
1 0.41947115384615385 0.2528409090909091 0.02283653846153846 0.048295454545454544
1 0.5865384615384616 0.2528409090909091 0.025240384615384616 0.05965909090909091
1 0.5637019230769231 0.26136363636363635 0.02283653846153846 0.056818181818181816
1 0.8173076923076923 0.26420454545454547 0.02403846153846154 0.045454545454545456
1 0.7644230769230769 0.26704545454545453 0.009615384615384616 0.019886363636363636
1 0.44591346153846156 0.2727272727272727 0.02403846153846154 0.056818181818181816
1 0.5108173076923077 0.2727272727272727 0.02403846153846154 0.06534090909090909
1 0.7475961538461539 0.2727272727272727 0.02403846153846154 0.05397727272727273
1 0.2668269230769231 0.2755681818181818 0.036057692307692304 0.07954545454545454
1 0.6418269230769231 0.28125 0.013221153846153846 0.022727272727272728