1 0.3894230769230769 0.3926282051282051 0.019230769230769232 0.02564102564102564
1 0.6766826923076923 0.40064102564102566 0.016826923076923076 0.022435897435897436
1 0.6081730769230769 0.40064102564102566 0.018028846153846152 0.020833333333333332
1 0.36658653846153844 0.40224358974358976 0.02403846153846154 0.027243589743589744
1 0.4495192307692308 0.40224358974358976 0.02283653846153846 0.022435897435897436
1 0.6262019230769231 0.40544871794871795 0.018028846153846152 0.022435897435897436
1 0.6947115384615384 0.40705128205128205 0.02283653846153846 0.030448717948717948
1 0.7199519230769231 0.40705128205128205 0.02283653846153846 0.028846153846153848
1 0.4723557692307692 0.40865384615384615 0.020432692307692308 0.02403846153846154
1 0.42427884615384615 0.40865384615384615 0.016826923076923076 0.020833333333333332
1 0.5456730769230769 0.41025641025641024 0.018028846153846152 0.020833333333333332
1 0.4879807692307692 0.41185897435897434 0.016826923076923076 0.020833333333333332
1 0.5204326923076923 0.41185897435897434 0.019230769230769232 0.02564102564102564
1 0.40625 0.4150641025641026 0.025240384615384616 0.03205128205128205
1 0.38100961538461536 0.4182692307692308 0.02283653846153846 0.02564102564102564
1 0.6502403846153846 0.4182692307692308 0.020432692307692308 0.02564102564102564
1 0.34615384615384615 0.4182692307692308 0.02403846153846154 0.03365384615384615
1 0.5913461538461539 0.4182692307692308 0.026442307692307692 0.035256410256410256
1 0.5649038461538461 0.4198717948717949 0.020432692307692308 0.028846153846153848
1 0.4362980769230769 0.4198717948717949 0.020432692307692308 0.022435897435897436
1 0.7475961538461539 0.421474358974359 0.037259615384615384 0.04326923076923077
1 0.46033653846153844 0.42467948717948717 0.018028846153846152 0.027243589743589744
1 0.6129807692307693 0.42628205128205127 0.021634615384615384 0.02564102564102564
1 0.6862980769230769 0.42788461538461536 0.021634615384615384 0.02564102564102564
1 0.6346153846153846 0.42948717948717946 0.019230769230769232 0.02564102564102564
1 0.5384615384615384 0.4310897435897436 0.016826923076923076 0.02564102564102564
1 0.7091346153846154 0.4310897435897436 0.016826923076923076 0.027243589743589744
1 0.5048076923076923 0.4326923076923077 0.025240384615384616 0.038461538461538464
1 0.484375 0.4358974358974359 0.016826923076923076 0.02403846153846154
1 0.36538461538461536 0.4358974358974359 0.020432692307692308 0.027243589743589744
1 0.3004807692307692 0.4391025641025641 0.016826923076923076 0.022435897435897436
1 0.6682692307692307 0.4407051282051282 0.019230769230769232 0.020833333333333332
1 0.41947115384615385 0.4423076923076923 0.027644230769230768 0.028846153846153848
1 0.5769230769230769 0.4423076923076923 0.021634615384615384 0.027243589743589744
1 0.5540865384615384 0.4423076923076923 0.020432692307692308 0.02403846153846154
1 0.3918269230769231 0.4439102564102564 0.025240384615384616 0.030448717948717948
1 0.33533653846153844 0.4439102564102564 0.016826923076923076 0.020833333333333332
1 0.7680288461538461 0.4439102564102564 0.021634615384615384 0.02403846153846154
1 0.7271634615384616 0.44551282051282054 0.02283653846153846 0.027243589743589744
1 0.5985576923076923 0.44551282051282054 0.016826923076923076 0.022435897435897436
1 0.44711538461538464 0.44711538461538464 0.02403846153846154 0.035256410256410256
1 0.46875 0.44871794871794873 0.021634615384615384 0.02403846153846154
1 0.5240384615384616 0.45032051282051283 0.020432692307692308 0.02564102564102564
1 0.6490384615384616 0.45032051282051283 0.020432692307692308 0.028846153846153848
1 0.6225961538461539 0.45032051282051283 0.016826923076923076 0.02403846153846154
1 0.3485576923076923 0.4567307692307692 0.014423076923076924 0.020833333333333332
1 0.703125 0.4567307692307692 0.018028846153846152 0.02403846153846154
1 0.6838942307692307 0.4583333333333333 0.018028846153846152 0.022435897435897436
1 0.5408653846153846 0.4583333333333333 0.015625 0.019230769230769232
1 0.7848557692307693 0.4599358974358974 0.027644230769230768 0.03205128205128205
1 0.31490384615384615 0.4599358974358974 0.02283653846153846 0.03685897435897436
1 0.375 0.46153846153846156 0.016826923076923076 0.022435897435897436
1 0.7584134615384616 0.46153846153846156 0.021634615384615384 0.02403846153846154
1 0.2932692307692308 0.46474358974358976 0.021634615384615384 0.027243589743589744
1 0.4879807692307692 0.46474358974358976 0.026442307692307692 0.04006410256410257
1 0.4098557692307692 0.46474358974358976 0.021634615384615384 0.03205128205128205
1 0.46153846153846156 0.46634615384615385 0.015625 0.02403846153846154
1 0.6057692307692307 0.46634615384615385 0.02283653846153846 0.028846153846153848
1 0.7175480769230769 0.46794871794871795 0.018028846153846152 0.020833333333333332
1 0.5853365384615384 0.46794871794871795 0.018028846153846152 0.027243589743589744
1 0.6346153846153846 0.46794871794871795 0.019230769230769232 0.02403846153846154
1 0.33533653846153844 0.46794871794871795 0.019230769230769232 0.020833333333333332
1 0.6694711538461539 0.47115384615384615 0.015625 0.022435897435897436
1 0.5637019230769231 0.47115384615384615 0.028846153846153848 0.035256410256410256
1 0.7367788461538461 0.47115384615384615 0.018028846153846152 0.020833333333333332
1 0.6502403846153846 0.47275641025641024 0.02283653846153846 0.016025641025641024
1 0.6959134615384616 0.47275641025641024 0.018028846153846152 0.019230769230769232
1 0.390625 0.47435897435897434 0.016826923076923076 0.020833333333333332
1 0.359375 0.47435897435897434 0.018028846153846152 0.022435897435897436
1 0.5216346153846154 0.47596153846153844 0.015625 0.020833333333333332
1 0.4326923076923077 0.47596153846153844 0.02403846153846154 0.030448717948717948
1 0.5396634615384616 0.4807692307692308 0.020432692307692308 0.022435897435897436
1 0.2824519230769231 0.4807692307692308 0.016826923076923076 0.020833333333333332
1 0.8016826923076923 0.4823717948717949 0.025240384615384616 0.027243589743589744
1 0.4735576923076923 0.483974358974359 0.019230769230769232 0.020833333333333332
1 0.3485576923076923 0.483974358974359 0.013221153846153846 0.020833333333333332
1 0.7692307692307693 0.4855769230769231 0.021634615384615384 0.022435897435897436
1 0.5036057692307693 0.48717948717948717 0.021634615384615384 0.022435897435897436
1 0.7079326923076923 0.48717948717948717 0.019230769230769232 0.022435897435897436
1 0.6802884615384616 0.48717948717948717 0.018028846153846152 0.022435897435897436
1 0.6237980769230769 0.48878205128205127 0.02283653846153846 0.027243589743589744
1 0.41225961538461536 0.48878205128205127 0.016826923076923076 0.020833333333333332
1 0.5913461538461539 0.48878205128205127 0.018028846153846152 0.020833333333333332
1 0.30288461538461536 0.48878205128205127 0.02283653846153846 0.027243589743589744
1 0.4543269230769231 0.49038461538461536 0.021634615384615384 0.02403846153846154
1 0.6622596153846154 0.49038461538461536 0.018028846153846152 0.022435897435897436
1 0.3701923076923077 0.49038461538461536 0.015625 0.019230769230769232
1 0.75 0.49198717948717946 0.015625 0.022435897435897436
1 0.6430288461538461 0.4951923076923077 0.016826923076923076 0.02403846153846154
1 0.5745192307692307 0.4951923076923077 0.015625 0.02403846153846154
1 0.7295673076923077 0.4951923076923077 0.02403846153846154 0.027243589743589744
1 0.3269230769230769 0.4951923076923077 0.014423076923076924 0.017628205128205128
1 0.2608173076923077 0.4967948717948718 0.015625 0.022435897435897436
1 0.4879807692307692 0.4983974358974359 0.016826923076923076 0.022435897435897436
1 0.5540865384615384 0.4983974358974359 0.016826923076923076 0.020833333333333332
1 0.3918269230769231 0.4983974358974359 0.020432692307692308 0.027243589743589744
1 0.7872596153846154 0.5016025641025641 0.02403846153846154 0.02564102564102564
1 0.8161057692307693 0.5016025641025641 0.025240384615384616 0.030448717948717948
1 0.5228365384615384 0.5032051282051282 0.021634615384615384 0.030448717948717948
1 0.4362980769230769 0.5032051282051282 0.018028846153846152 0.022435897435897436
1 0.2764423076923077 0.5048076923076923 0.016826923076923076 0.02403846153846154
1 0.6081730769230769 0.5048076923076923 0.020432692307692308 0.027243589743589744
1 0.359375 0.5064102564102564 0.018028846153846152 0.020833333333333332
1 0.7644230769230769 0.5064102564102564 0.015625 0.019230769230769232
1 0.7151442307692307 0.5096153846153846 0.015625 0.020833333333333332
1 0.4074519230769231 0.5096153846153846 0.021634615384615384 0.027243589743589744
1 0.6923076923076923 0.5096153846153846 0.021634615384615384 0.02564102564102564
1 0.31490384615384615 0.5096153846153846 0.018028846153846152 0.020833333333333332
1 0.5420673076923077 0.5112179487179487 0.016826923076923076 0.02564102564102564
1 0.4675480769230769 0.5112179487179487 0.018028846153846152 0.022435897435897436
1 0.3401442307692308 0.5112179487179487 0.019230769230769232 0.02564102564102564
1 0.5673076923076923 0.5112179487179487 0.015625 0.020833333333333332
1 0.3004807692307692 0.5128205128205128 0.013221153846153846 0.017628205128205128
1 0.5 0.5128205128205128 0.018028846153846152 0.027243589743589744
1 0.375 0.5128205128205128 0.016826923076923076 0.019230769230769232
1 0.6286057692307693 0.5144230769230769 0.018028846153846152 0.019230769230769232
1 0.7463942307692307 0.5144230769230769 0.02283653846153846 0.022435897435897436
1 0.5889423076923077 0.5160256410256411 0.020432692307692308 0.02403846153846154
1 0.6442307692307693 0.5160256410256411 0.019230769230769232 0.02403846153846154
1 0.4230769230769231 0.5160256410256411 0.018028846153846152 0.02403846153846154
1 0.4495192307692308 0.5192307692307693 0.015625 0.020833333333333332
1 0.7992788461538461 0.5208333333333334 0.015625 0.020833333333333332
1 0.24759615384615385 0.5224358974358975 0.020432692307692308 0.02564102564102564
1 0.2668269230769231 0.5240384615384616 0.018028846153846152 0.027243589743589744
1 0.4831730769230769 0.5240384615384616 0.018028846153846152 0.02564102564102564
1 0.6586538461538461 0.5240384615384616 0.014423076923076924 0.02403846153846154
1 0.2860576923076923 0.5256410256410257 0.019230769230769232 0.030448717948717948
1 0.22716346153846154 0.5256410256410257 0.018028846153846152 0.02403846153846154
1 0.3918269230769231 0.5272435897435898 0.02403846153846154 0.020833333333333332
1 0.53125 0.5272435897435898 0.015625 0.020833333333333332
1 0.3269230769230769 0.5272435897435898 0.021634615384615384 0.027243589743589744
1 0.5540865384615384 0.5272435897435898 0.016826923076923076 0.027243589743589744
1 0.7800480769230769 0.5288461538461539 0.025240384615384616 0.028846153846153848
1 0.7019230769230769 0.530448717948718 0.019230769230769232 0.027243589743589744
1 0.7271634615384616 0.530448717948718 0.025240384615384616 0.03685897435897436
1 0.828125 0.530448717948718 0.03245192307692308 0.03685897435897436
1 0.5132211538461539 0.530448717948718 0.020432692307692308 0.02403846153846154
1 0.6129807692307693 0.532051282051282 0.016826923076923076 0.020833333333333332
1 0.3088942307692308 0.5336538461538461 0.018028846153846152 0.02403846153846154
1 0.6346153846153846 0.5336538461538461 0.016826923076923076 0.019230769230769232
1 0.36538461538461536 0.5352564102564102 0.018028846153846152 0.020833333333333332
1 0.49759615384615385 0.5352564102564102 0.013221153846153846 0.020833333333333332
1 0.4362980769230769 0.5352564102564102 0.020432692307692308 0.027243589743589744
1 0.4651442307692308 0.5368589743589743 0.018028846153846152 0.022435897435897436
2 0.5060096153846154 0.5368589743589743 0.875 0.30448717948717946
1 0.3485576923076923 0.5368589743589743 0.016826923076923076 0.022435897435897436
1 0.21634615384615385 0.5400641025641025 0.013221153846153846 0.020833333333333332
1 0.5733173076923077 0.5400641025641025 0.021634615384615384 0.03365384615384615
1 0.7487980769230769 0.5400641025641025 0.019230769230769232 0.02403846153846154
1 0.25841346153846156 0.5400641025641025 0.015625 0.019230769230769232
1 0.8076923076923077 0.5416666666666666 0.019230769230769232 0.020833333333333332
1 0.5432692307692307 0.5432692307692307 0.018028846153846152 0.02564102564102564
1 0.41225961538461536 0.5432692307692307 0.025240384615384616 0.028846153846153848
1 0.23918269230769232 0.5432692307692307 0.016826923076923076 0.019230769230769232
1 0.5913461538461539 0.5448717948717948 0.02403846153846154 0.02564102564102564
1 0.8485576923076923 0.5448717948717948 0.016826923076923076 0.022435897435897436
1 0.27283653846153844 0.5448717948717948 0.013221153846153846 0.022435897435897436
1 0.6490384615384616 0.5464743589743589 0.019230769230769232 0.02403846153846154
1 0.6706730769230769 0.5480769230769231 0.019230769230769232 0.030448717948717948
1 0.48197115384615385 0.5480769230769231 0.016826923076923076 0.022435897435897436
1 0.2932692307692308 0.5480769230769231 0.018028846153846152 0.022435897435897436
1 0.6887019230769231 0.5496794871794872 0.020432692307692308 0.02403846153846154
1 0.33413461538461536 0.5496794871794872 0.026442307692307692 0.030448717948717948
1 0.16826923076923078 0.5496794871794872 0.015625 0.020833333333333332
1 0.5276442307692307 0.5496794871794872 0.015625 0.02403846153846154
1 0.4495192307692308 0.5512820512820513 0.016826923076923076 0.020833333333333332
1 0.7644230769230769 0.5544871794871795 0.021634615384615384 0.02403846153846154
1 0.38100961538461536 0.5544871794871795 0.020432692307692308 0.02403846153846154
1 0.15144230769230768 0.5544871794871795 0.018028846153846152 0.02564102564102564
1 0.7079326923076923 0.5560897435897436 0.019230769230769232 0.022435897435897436
1 0.2247596153846154 0.5560897435897436 0.019230769230769232 0.022435897435897436
1 0.5072115384615384 0.5576923076923077 0.020432692307692308 0.022435897435897436
1 0.3581730769230769 0.5576923076923077 0.018028846153846152 0.020833333333333332
1 0.7367788461538461 0.5576923076923077 0.018028846153846152 0.020833333333333332
1 0.19110576923076922 0.5576923076923077 0.021634615384615384 0.027243589743589744
1 0.3161057692307692 0.5592948717948718 0.015625 0.02564102564102564
1 0.5576923076923077 0.5592948717948718 0.015625 0.022435897435897436
1 0.6382211538461539 0.5608974358974359 0.014423076923076924 0.020833333333333332
1 0.7884615384615384 0.5608974358974359 0.025240384615384616 0.03365384615384615
1 0.46634615384615385 0.5608974358974359 0.018028846153846152 0.022435897435897436
1 0.1346153846153846 0.5625 0.015625 0.02403846153846154
1 0.6069711538461539 0.5625 0.016826923076923076 0.027243589743589744
1 0.39903846153846156 0.5641025641025641 0.020432692307692308 0.03365384615384615
1 0.43509615384615385 0.5657051282051282 0.015625 0.022435897435897436
1 0.5384615384615384 0.5673076923076923 0.02283653846153846 0.02564102564102564
1 0.49278846153846156 0.5673076923076923 0.015625 0.02403846153846154
1 0.24278846153846154 0.5673076923076923 0.018028846153846152 0.019230769230769232
1 0.8329326923076923 0.5673076923076923 0.026442307692307692 0.03205128205128205
1 0.8569711538461539 0.5673076923076923 0.021634615384615384 0.030448717948717948
1 0.578125 0.5689102564102564 0.020432692307692308 0.027243589743589744
1 0.2764423076923077 0.5689102564102564 0.016826923076923076 0.028846153846153848
1 0.8112980769230769 0.5689102564102564 0.018028846153846152 0.02403846153846154
1 0.6778846153846154 0.5689102564102564 0.021634615384615384 0.02403846153846154
1 0.21033653846153846 0.5705128205128205 0.020432692307692308 0.02403846153846154
1 0.7223557692307693 0.5705128205128205 0.018028846153846152 0.020833333333333332
1 0.6959134615384616 0.5705128205128205 0.019230769230769232 0.022435897435897436
1 0.6237980769230769 0.5705128205128205 0.016826923076923076 0.020833333333333332
1 0.6550480769230769 0.5705128205128205 0.015625 0.022435897435897436
1 0.17307692307692307 0.5721153846153846 0.018028846153846152 0.02564102564102564
1 0.34375 0.5721153846153846 0.02403846153846154 0.028846153846153848
1 0.25841346153846156 0.5721153846153846 0.014423076923076924 0.020833333333333332
1 0.4170673076923077 0.5721153846153846 0.015625 0.022435897435897436
1 0.7536057692307693 0.5737179487179487 0.019230769230769232 0.027243589743589744
1 0.4495192307692308 0.5753205128205128 0.020432692307692308 0.02564102564102564
1 0.7728365384615384 0.5753205128205128 0.018028846153846152 0.022435897435897436
1 0.29927884615384615 0.5769230769230769 0.03125 0.03685897435897436
1 0.515625 0.5785256410256411 0.018028846153846152 0.027243589743589744
1 0.37740384615384615 0.5785256410256411 0.019230769230769232 0.02403846153846154
1 0.32572115384615385 0.5801282051282052 0.015625 0.020833333333333332
1 0.22716346153846154 0.5801282051282052 0.019230769230769232 0.027243589743589744
1 0.4795673076923077 0.5801282051282052 0.016826923076923076 0.02403846153846154
1 0.125 0.5817307692307693 0.02403846153846154 0.027243589743589744
1 0.5961538461538461 0.5833333333333334 0.016826923076923076 0.030448717948717948
1 0.15384615384615385 0.5833333333333334 0.02403846153846154 0.03685897435897436
1 0.7980769230769231 0.5849358974358975 0.016826923076923076 0.017628205128205128
1 0.5552884615384616 0.5849358974358975 0.02283653846153846 0.03205128205128205
1 0.6394230769230769 0.5849358974358975 0.019230769230769232 0.027243589743589744
1 0.35697115384615385 0.5865384615384616 0.021634615384615384 0.027243589743589744
1 0.5300480769230769 0.5865384615384616 0.019230769230769232 0.020833333333333332
1 0.7355769230769231 0.5881410256410257 0.02283653846153846 0.02564102564102564
1 0.1814903846153846 0.5881410256410257 0.015625 0.02403846153846154
1 0.4338942307692308 0.5897435897435898 0.015625 0.019230769230769232
1 0.6646634615384616 0.5897435897435898 0.016826923076923076 0.022435897435897436
1 0.8161057692307693 0.5913461538461539 0.02283653846153846 0.027243589743589744
1 0.84375 0.5913461538461539 0.021634615384615384 0.02564102564102564
1 0.24278846153846154 0.5913461538461539 0.015625 0.022435897435897436
1 0.2764423076923077 0.592948717948718 0.018028846153846152 0.02403846153846154
1 0.4951923076923077 0.592948717948718 0.020432692307692308 0.02564102564102564
1 0.2127403846153846 0.594551282051282 0.015625 0.017628205128205128
1 0.6177884615384616 0.594551282051282 0.016826923076923076 0.02564102564102564
1 0.13822115384615385 0.594551282051282 0.016826923076923076 0.022435897435897436
1 0.8641826923076923 0.594551282051282 0.020432692307692308 0.02564102564102564
1 0.3954326923076923 0.5961538461538461 0.021634615384615384 0.022435897435897436
1 0.5757211538461539 0.5961538461538461 0.019230769230769232 0.02403846153846154
1 0.41947115384615385 0.5961538461538461 0.015625 0.020833333333333332
1 0.33653846153846156 0.5961538461538461 0.019230769230769232 0.02403846153846154
1 0.7800480769230769 0.5977564102564102 0.018028846153846152 0.02403846153846154
1 0.6862980769230769 0.5977564102564102 0.02403846153846154 0.030448717948717948
1 0.7115384615384616 0.5977564102564102 0.026442307692307692 0.035256410256410256
1 0.2608173076923077 0.5977564102564102 0.018028846153846152 0.022435897435897436
1 0.46274038461538464 0.5977564102564102 0.019230769230769232 0.030448717948717948
1 0.5132211538461539 0.5993589743589743 0.014423076923076924 0.020833333333333332
1 0.7572115384615384 0.6025641025641025 0.030048076923076924 0.035256410256410256
1 0.31850961538461536 0.6025641025641025 0.020432692307692308 0.02564102564102564
1 0.1658653846153846 0.6041666666666666 0.019230769230769232 0.02564102564102564
1 0.44471153846153844 0.6041666666666666 0.015625 0.022435897435897436
1 0.22956730769230768 0.6057692307692307 0.014423076923076924 0.020833333333333332
1 0.1141826923076923 0.6057692307692307 0.019230769230769232 0.022435897435897436
1 0.19591346153846154 0.6073717948717948 0.019230769230769232 0.028846153846153848
1 0.4795673076923077 0.6089743589743589 0.019230769230769232 0.027243589743589744
1 0.6550480769230769 0.6089743589743589 0.019230769230769232 0.02564102564102564
1 0.5372596153846154 0.6105769230769231 0.019230769230769232 0.02403846153846154
1 0.6358173076923077 0.6105769230769231 0.018028846153846152 0.022435897435897436
1 0.28725961538461536 0.6121794871794872 0.018028846153846152 0.020833333333333332
1 0.5600961538461539 0.6121794871794872 0.019230769230769232 0.02564102564102564
1 0.6730769230769231 0.6121794871794872 0.016826923076923076 0.02403846153846154
1 0.14903846153846154 0.6137820512820513 0.016826923076923076 0.020833333333333332
1 0.35096153846153844 0.6137820512820513 0.02283653846153846 0.02403846153846154
1 0.40625 0.6137820512820513 0.016826923076923076 0.022435897435897436
1 0.8052884615384616 0.6153846153846154 0.02283653846153846 0.02564102564102564
1 0.8317307692307693 0.6153846153846154 0.021634615384615384 0.03365384615384615
1 0.5204326923076923 0.6153846153846154 0.013221153846153846 0.022435897435897436
1 0.5949519230769231 0.6169871794871795 0.020432692307692308 0.027243589743589744
1 0.5012019230769231 0.6169871794871795 0.020432692307692308 0.028846153846153848
1 0.6153846153846154 0.6169871794871795 0.019230769230769232 0.02403846153846154
1 0.8774038461538461 0.6169871794871795 0.02283653846153846 0.030448717948717948
1 0.7824519230769231 0.6185897435897436 0.019230769230769232 0.020833333333333332
1 0.7319711538461539 0.6185897435897436 0.02403846153846154 0.028846153846153848
1 0.12980769230769232 0.6185897435897436 0.019230769230769232 0.027243589743589744
1 0.21514423076923078 0.6185897435897436 0.020432692307692308 0.027243589743589744
1 0.8521634615384616 0.6185897435897436 0.019230769230769232 0.02564102564102564
1 0.25240384615384615 0.6201923076923077 0.015625 0.020833333333333332
1 0.6995192307692307 0.6201923076923077 0.019230769230769232 0.027243589743589744
1 0.4567307692307692 0.6201923076923077 0.015625 0.020833333333333332
1 0.1778846153846154 0.6217948717948718 0.021634615384615384 0.027243589743589744
1 0.4266826923076923 0.6217948717948718 0.02403846153846154 0.03205128205128205
1 0.3293269230769231 0.6217948717948718 0.018028846153846152 0.022435897435897436
1 0.5733173076923077 0.6233974358974359 0.016826923076923076 0.027243589743589744
1 0.3918269230769231 0.6233974358974359 0.019230769230769232 0.020833333333333332
1 0.11177884615384616 0.6282051282051282 0.018028846153846152 0.02564102564102564
1 0.30288461538461536 0.6298076923076923 0.03125 0.038461538461538464
1 0.5480769230769231 0.6298076923076923 0.02283653846153846 0.02564102564102564
1 0.27163461538461536 0.6314102564102564 0.02283653846153846 0.028846153846153848
1 0.7572115384615384 0.6330128205128205 0.018028846153846152 0.022435897435897436
1 0.6622596153846154 0.6330128205128205 0.015625 0.019230769230769232
1 0.15985576923076922 0.6346153846153846 0.019230769230769232 0.030448717948717948
1 0.640625 0.6346153846153846 0.021634615384615384 0.02564102564102564
1 0.4723557692307692 0.6346153846153846 0.021634615384615384 0.02403846153846154
1 0.23317307692307693 0.6362179487179487 0.028846153846153848 0.03205128205128205
1 0.40865384615384615 0.6362179487179487 0.020432692307692308 0.020833333333333332
1 0.36778846153846156 0.6378205128205128 0.026442307692307692 0.03205128205128205
1 0.44471153846153844 0.6378205128205128 0.019230769230769232 0.028846153846153848
1 0.5096153846153846 0.6378205128205128 0.015625 0.020833333333333332
1 0.6838942307692307 0.6378205128205128 0.026442307692307692 0.028846153846153848
1 0.8918269230769231 0.6378205128205128 0.02403846153846154 0.030448717948717948
1 0.3449519230769231 0.6378205128205128 0.016826923076923076 0.022435897435897436
1 0.09975961538461539 0.6378205128205128 0.019230769230769232 0.027243589743589744
1 0.19110576923076922 0.6394230769230769 0.021634615384615384 0.02564102564102564
1 0.7992788461538461 0.6394230769230769 0.015625 0.020833333333333332
1 0.8653846153846154 0.6394230769230769 0.025240384615384616 0.02403846153846154
1 0.8413461538461539 0.6394230769230769 0.019230769230769232 0.02564102564102564
1 0.6069711538461539 0.6394230769230769 0.021634615384615384 0.030448717948717948
1 0.5300480769230769 0.6410256410256411 0.02283653846153846 0.028846153846153848
1 0.8221153846153846 0.6410256410256411 0.018028846153846152 0.020833333333333332
1 0.14182692307692307 0.6410256410256411 0.019230769230769232 0.03205128205128205
1 0.7403846153846154 0.6410256410256411 0.018028846153846152 0.020833333333333332
1 0.48677884615384615 0.6410256410256411 0.016826923076923076 0.022435897435897436
1 0.7764423076923077 0.6426282051282052 0.020432692307692308 0.027243589743589744
1 0.5865384615384616 0.6426282051282052 0.015625 0.020833333333333332
1 0.7127403846153846 0.6426282051282052 0.02283653846153846 0.030448717948717948
1 0.6213942307692307 0.6442307692307693 0.014423076923076924 0.019230769230769232
1 0.2548076923076923 0.6442307692307693 0.015625 0.027243589743589744
1 0.12139423076923077 0.6458333333333334 0.018028846153846152 0.02403846153846154
1 0.5661057692307693 0.6474358974358975 0.021634615384615384 0.030448717948717948
1 0.3894230769230769 0.6506410256410257 0.019230769230769232 0.02403846153846154
1 0.2091346153846154 0.6522435897435898 0.02283653846153846 0.03205128205128205
1 0.17548076923076922 0.6522435897435898 0.019230769230769232 0.030448717948717948
1 0.28846153846153844 0.655448717948718 0.02283653846153846 0.03365384615384615
1 0.9122596153846154 0.655448717948718 0.025240384615384616 0.03205128205128205
1 0.6586538461538461 0.655448717948718 0.02283653846153846 0.027243589743589744
1 0.46634615384615385 0.657051282051282 0.020432692307692308 0.017628205128205128
1 0.42908653846153844 0.657051282051282 0.02283653846153846 0.030448717948717948
1 0.8762019230769231 0.657051282051282 0.020432692307692308 0.020833333333333332
1 0.546875 0.657051282051282 0.019230769230769232 0.030448717948717948
1 0.31850961538461536 0.6586538461538461 0.019230769230769232 0.027243589743589744
1 0.8329326923076923 0.6586538461538461 0.016826923076923076 0.020833333333333332
1 0.6983173076923077 0.6586538461538461 0.019230769230769232 0.020833333333333332
1 0.8545673076923077 0.6586538461538461 0.020432692307692308 0.027243589743589744
1 0.8149038461538461 0.6586538461538461 0.019230769230769232 0.022435897435897436
1 0.6790865384615384 0.6602564102564102 0.015625 0.017628205128205128
1 0.4807692307692308 0.6602564102564102 0.020432692307692308 0.020833333333333332
1 0.6370192307692307 0.6602564102564102 0.018028846153846152 0.02403846153846154
1 0.5024038461538461 0.6602564102564102 0.020432692307692308 0.02403846153846154
1 0.15384615384615385 0.6602564102564102 0.02403846153846154 0.02403846153846154
1 0.2668269230769231 0.6602564102564102 0.021634615384615384 0.028846153846153848
1 0.7608173076923077 0.6602564102564102 0.025240384615384616 0.02564102564102564
1 0.7944711538461539 0.6602564102564102 0.019230769230769232 0.02403846153846154
1 0.3425480769230769 0.6618589743589743 0.021634615384615384 0.02564102564102564
1 0.7295673076923077 0.6618589743589743 0.021634615384615384 0.022435897435897436
1 0.4074519230769231 0.6618589743589743 0.015625 0.020833333333333332
1 0.24759615384615385 0.6618589743589743 0.015625 0.020833333333333332
1 0.5985576923076923 0.6634615384615384 0.020432692307692308 0.022435897435897436
1 0.5216346153846154 0.6634615384615384 0.015625 0.019230769230769232
1 0.4495192307692308 0.6634615384615384 0.016826923076923076 0.019230769230769232
1 0.2283653846153846 0.6634615384615384 0.015625 0.016025641025641024
1 0.08653846153846154 0.6634615384615384 0.027644230769230768 0.02564102564102564
1 0.375 0.6634615384615384 0.016826923076923076 0.019230769230769232
1 0.3605769230769231 0.6650641025641025 0.015625 0.017628205128205128
1 0.5817307692307693 0.6650641025641025 0.016826923076923076 0.014423076923076924
1 0.6177884615384616 0.6650641025641025 0.015625 0.017628205128205128
1 0.30408653846153844 0.6650641025641025 0.019230769230769232 0.020833333333333332
1 0.18990384615384615 0.6666666666666666 0.015625 0.01282051282051282
1 0.12740384615384615 0.6666666666666666 0.015625 0.02564102564102564
1 0.11057692307692307 0.6666666666666666 0.019230769230769232 0.02564102564102564