1 0.38341346153846156 0.5288461538461539 0.054086538461538464 0.08333333333333333
1 0.4411057692307692 0.5576923076923077 0.07091346153846154 0.08493589743589744
1 0.34975961538461536 0.5897435897435898 0.06129807692307692 0.07692307692307693
1 0.7199519230769231 0.594551282051282 0.057692307692307696 0.07211538461538461
1 0.296875 0.6009615384615384 0.051682692307692304 0.0673076923076923
1 0.49399038461538464 0.6073717948717948 0.057692307692307696 0.07371794871794872
1 0.23798076923076922 0.6410256410256411 0.06370192307692307 0.08493589743589744
1 0.5372596153846154 0.6458333333333334 0.04927884615384615 0.07692307692307693
1 0.65625 0.6458333333333334 0.046875 0.07532051282051282
1 0.5985576923076923 0.6538461538461539 0.06009615384615385 0.08493589743589744
0 0.4230769230769231 0.6586538461538461 0.013221153846153846 0.3541666666666667
1 0.390625 0.6618589743589743 0.07091346153846154 0.09935897435897435
1 0.3245192307692308 0.6650641025641025 0.051682692307692304 0.08012820512820513
1 0.7427884615384616 0.6650641025641025 0.06009615384615385 0.07371794871794872
1 0.4543269230769231 0.6682692307692307 0.051682692307692304 0.08012820512820513
1 0.016826923076923076 0.6762820512820513 0.03245192307692308 0.08173076923076923
2 0.5528846153846154 0.6762820512820513 0.8798076923076923 0.3782051282051282
1 0.5697115384615384 0.719551282051282 0.056490384615384616 0.08012820512820513
1 0.3557692307692308 0.7211538461538461 0.06610576923076923 0.08653846153846154
1 0.21754807692307693 0.7227564102564102 0.07091346153846154 0.08173076923076923
1 0.2848557692307692 0.7259615384615384 0.06490384615384616 0.09615384615384616
1 0.5096153846153846 0.7291666666666666 0.07091346153846154 0.10737179487179487
1 0.04807692307692308 0.7307692307692307 0.05889423076923077 0.07371794871794872
1 0.6947115384615384 0.7323717948717948 0.06370192307692307 0.08012820512820513
1 0.4170673076923077 0.7339743589743589 0.05889423076923077 0.08974358974358974
1 0.6189903846153846 0.7355769230769231 0.04927884615384615 0.06891025641025642
1 0.7836538461538461 0.7532051282051282 0.056490384615384616 0.07532051282051282
1 0.859375 0.7548076923076923 0.057692307692307696 0.0625
1 0.010817307692307692 0.7644230769230769 0.019230769230769232 0.0625
1 0.08413461538461539 0.7756410256410257 0.054086538461538464 0.05929487179487179
1 0.036057692307692304 0.7900641025641025 0.040865384615384616 0.052884615384615384
1 0.4651442307692308 0.7932692307692307 0.06850961538461539 0.07692307692307693
1 0.5925480769230769 0.7964743589743589 0.0673076923076923 0.08012820512820513
1 0.38341346153846156 0.7980769230769231 0.06370192307692307 0.06570512820512821
1 0.5264423076923077 0.7980769230769231 0.040865384615384616 0.04006410256410257
1 0.3161057692307692 0.7980769230769231 0.06610576923076923 0.08653846153846154
1 0.953125 0.7980769230769231 0.07932692307692307 0.10897435897435898
1 0.24158653846153846 0.8028846153846154 0.07692307692307693 0.08493589743589744
1 0.7331730769230769 0.8028846153846154 0.07091346153846154 0.08493589743589744
1 0.6658653846153846 0.8028846153846154 0.06610576923076923 0.06570512820512821
1 0.1658653846153846 0.8060897435897436 0.06610576923076923 0.07692307692307693
1 0.8786057692307693 0.8076923076923077 0.0733173076923077 0.08493589743589744
1 0.8149038461538461 0.8173076923076923 0.06971153846153846 0.07051282051282051
1 0.109375 0.8189102564102564 0.057692307692307696 0.06891025641025642
1 0.01201923076923077 0.8205128205128205 0.020432692307692308 0.046474358974358976
1 0.055288461538461536 0.8349358974358975 0.042067307692307696 0.04326923076923077