1 0.6165865384615384 0.5288461538461539 0.054086538461538464 0.08333333333333333
1 0.5588942307692307 0.5576923076923077 0.07091346153846154 0.08493589743589744
1 0.6502403846153846 0.5897435897435898 0.06129807692307692 0.07692307692307693
1 0.2800480769230769 0.594551282051282 0.057692307692307696 0.07211538461538461
1 0.703125 0.6009615384615384 0.051682692307692304 0.0673076923076923
1 0.5060096153846154 0.6073717948717948 0.057692307692307696 0.07371794871794872
1 0.7620192307692307 0.6410256410256411 0.06370192307692307 0.08493589743589744
1 0.46274038461538464 0.6458333333333334 0.04927884615384615 0.07692307692307693
1 0.34375 0.6458333333333334 0.046875 0.07532051282051282
1 0.4014423076923077 0.6538461538461539 0.06009615384615385 0.08493589743589744
0 0.5769230769230769 0.6586538461538461 0.013221153846153846 0.3541666666666667
1 0.609375 0.6618589743589743 0.07091346153846154 0.09935897435897435
1 0.6754807692307693 0.6650641025641025 0.051682692307692304 0.08012820512820513
1 0.25721153846153844 0.6650641025641025 0.06009615384615385 0.07371794871794872
1 0.5456730769230769 0.6682692307692307 0.051682692307692304 0.08012820512820513
1 0.9831730769230769 0.6762820512820513 0.03245192307692308 0.08173076923076923
2 0.44711538461538464 0.6762820512820513 0.8798076923076923 0.3782051282051282
1 0.43028846153846156 0.719551282051282 0.056490384615384616 0.08012820512820513
1 0.6442307692307693 0.7211538461538461 0.06610576923076923 0.08653846153846154
1 0.7824519230769231 0.7227564102564102 0.07091346153846154 0.08173076923076923
1 0.7151442307692307 0.7259615384615384 0.06490384615384616 0.09615384615384616
1 0.49038461538461536 0.7291666666666666 0.07091346153846154 0.10737179487179487
1 0.9519230769230769 0.7307692307692307 0.05889423076923077 0.07371794871794872
1 0.30528846153846156 0.7323717948717948 0.06370192307692307 0.08012820512820513
1 0.5829326923076923 0.7339743589743589 0.05889423076923077 0.08974358974358974
1 0.38100961538461536 0.7355769230769231 0.04927884615384615 0.06891025641025642
1 0.21634615384615385 0.7532051282051282 0.056490384615384616 0.07532051282051282
1 0.140625 0.7548076923076923 0.057692307692307696 0.0625
1 0.9891826923076923 0.7644230769230769 0.019230769230769232 0.0625
1 0.9158653846153846 0.7756410256410257 0.054086538461538464 0.05929487179487179
1 0.9639423076923077 0.7900641025641025 0.040865384615384616 0.052884615384615384
1 0.5348557692307693 0.7932692307692307 0.06850961538461539 0.07692307692307693
1 0.4074519230769231 0.7964743589743589 0.0673076923076923 0.08012820512820513
1 0.6165865384615384 0.7980769230769231 0.06370192307692307 0.06570512820512821
1 0.4735576923076923 0.7980769230769231 0.040865384615384616 0.04006410256410257
1 0.6838942307692307 0.7980769230769231 0.06610576923076923 0.08653846153846154
1 0.046875 0.7980769230769231 0.07932692307692307 0.10897435897435898
1 0.7584134615384616 0.8028846153846154 0.07692307692307693 0.08493589743589744
1 0.2668269230769231 0.8028846153846154 0.07091346153846154 0.08493589743589744
1 0.33413461538461536 0.8028846153846154 0.06610576923076923 0.06570512820512821
1 0.8341346153846154 0.8060897435897436 0.06610576923076923 0.07692307692307693
1 0.12139423076923077 0.8076923076923077 0.0733173076923077 0.08493589743589744
1 0.18509615384615385 0.8173076923076923 0.06971153846153846 0.07051282051282051
1 0.890625 0.8189102564102564 0.057692307692307696 0.06891025641025642
1 0.9879807692307693 0.8205128205128205 0.020432692307692308 0.046474358974358976
1 0.9447115384615384 0.8349358974358975 0.042067307692307696 0.04326923076923077