1 0.3545673076923077 0.32526881720430106 0.06129807692307692 0.12903225806451613
1 0.2980769230769231 0.3548387096774194 0.04927884615384615 0.12365591397849462
1 0.2403846153846154 0.3655913978494624 0.039663461538461536 0.11021505376344086
1 0.43509615384615385 0.3655913978494624 0.055288461538461536 0.12634408602150538
1 0.7572115384615384 0.3709677419354839 0.07572115384615384 0.17473118279569894
1 0.5072115384615384 0.3790322580645161 0.04447115384615385 0.0967741935483871
1 0.6298076923076923 0.40053763440860213 0.06850961538461539 0.1827956989247312
1 0.18990384615384615 0.4112903225806452 0.0625 0.13440860215053763
1 0.3858173076923077 0.41397849462365593 0.04927884615384615 0.10483870967741936
1 0.33653846153846156 0.4274193548387097 0.04326923076923077 0.0967741935483871
1 0.4723557692307692 0.4381720430107527 0.037259615384615384 0.08064516129032258
1 0.27403846153846156 0.4381720430107527 0.037259615384615384 0.08064516129032258
1 0.6935096153846154 0.44086021505376344 0.055288461538461536 0.12903225806451613
1 0.5564903846153846 0.4489247311827957 0.06610576923076923 0.12903225806451613
1 0.8076923076923077 0.4596774193548387 0.054086538461538464 0.11021505376344086
1 0.43509615384615385 0.47043010752688175 0.042067307692307696 0.08602150537634409
2 0.49158653846153844 0.49731182795698925 0.8870192307692307 0.7123655913978495
1 0.22956730769230768 0.49731182795698925 0.046875 0.09408602150537634
1 0.5096153846153846 0.5026881720430108 0.051682692307692304 0.11290322580645161
1 0.7367788461538461 0.5134408602150538 0.056490384615384616 0.10752688172043011
1 0.3016826923076923 0.5241935483870968 0.051682692307692304 0.09946236559139784
1 0.39663461538461536 0.5268817204301075 0.04447115384615385 0.10483870967741936
1 0.35336538461538464 0.5295698924731183 0.042067307692307696 0.08602150537634409
1 0.6298076923076923 0.5403225806451613 0.057692307692307696 0.11021505376344086
1 0.15865384615384615 0.543010752688172 0.07572115384615384 0.1639784946236559
1 0.46153846153846156 0.5645161290322581 0.04927884615384615 0.12365591397849462
1 0.2548076923076923 0.5725806451612904 0.036057692307692304 0.09946236559139784
1 0.6887019230769231 0.5806451612903226 0.057692307692307696 0.13440860215053763
1 0.21634615384615385 0.5833333333333334 0.04567307692307692 0.10215053763440861
1 0.8497596153846154 0.5887096774193549 0.07211538461538461 0.1532258064516129
1 0.5793269230769231 0.5967741935483871 0.06009615384615385 0.11021505376344086
0 0.5721153846153846 0.6129032258064516 0.009615384615384616 0.4220430107526882
1 0.3233173076923077 0.6182795698924731 0.03485576923076923 0.07526881720430108
1 0.765625 0.6236559139784946 0.07091346153846154 0.15591397849462366
1 0.515625 0.6263440860215054 0.0673076923076923 0.13172043010752688
1 0.421875 0.6290322580645161 0.042067307692307696 0.11021505376344086
1 0.10216346153846154 0.6290322580645161 0.055288461538461536 0.12365591397849462
1 0.37259615384615385 0.6344086021505376 0.04927884615384615 0.11559139784946236
1 0.2848557692307692 0.6451612903225806 0.04927884615384615 0.12365591397849462
1 0.18509615384615385 0.6586021505376344 0.039663461538461536 0.08602150537634409
1 0.6298076923076923 0.6747311827956989 0.06971153846153846 0.13978494623655913
1 0.22956730769230768 0.6801075268817204 0.05048076923076923 0.11559139784946236
1 0.46153846153846156 0.6908602150537635 0.042067307692307696 0.10483870967741936
1 0.32211538461538464 0.7311827956989247 0.06370192307692307 0.12365591397849462
1 0.7079326923076923 0.739247311827957 0.08653846153846154 0.1827956989247312
1 0.5673076923076923 0.7419354838709677 0.0733173076923077 0.1424731182795699
1 0.5012019230769231 0.7446236559139785 0.051682692307692304 0.09946236559139784
1 0.08173076923076923 0.7446236559139785 0.052884615384615384 0.10483870967741936
1 0.2644230769230769 0.7473118279569892 0.055288461538461536 0.09408602150537634
1 0.8822115384615384 0.7526881720430108 0.0829326923076923 0.1881720430107527
1 0.1971153846153846 0.7526881720430108 0.04927884615384615 0.08064516129032258
1 0.38822115384615385 0.7526881720430108 0.040865384615384616 0.07526881720430108
1 0.4338942307692308 0.7553763440860215 0.046875 0.0913978494623656
1 0.03125 0.771505376344086 0.046875 0.09946236559139784
1 0.7752403846153846 0.771505376344086 0.057692307692307696 0.10483870967741936
1 0.6322115384615384 0.7768817204301075 0.038461538461538464 0.06989247311827956
1 0.6442307692307693 0.1989247311827957 0.06971153846153846 0.15053763440860216
1 0.19110576923076922 0.2446236559139785 0.06490384615384616 0.1693548387096774
1 0.26322115384615385 0.24731182795698925 0.06610576923076923 0.1478494623655914
1 0.5685096153846154 0.26344086021505375 0.0985576923076923 0.1935483870967742
1 0.4014423076923077 0.26881720430107525 0.052884615384615384 0.11290322580645161
1 0.47836538461538464 0.271505376344086 0.0625 0.13440860215053763
1 0.6911057692307693 0.2903225806451613 0.06009615384615385 0.13709677419354838