1 0.8834134615384616 0.7435897435897436 0.052884615384615384 0.08012820512820513
1 0.8737980769230769 0.6682692307692307 0.057692307692307696 0.08333333333333333
1 0.8413461538461539 0.6025641025641025 0.0625 0.08012820512820513
1 0.8088942307692307 0.657051282051282 0.05048076923076923 0.06891025641025642
1 0.8293269230769231 0.7339743589743589 0.04447115384615385 0.0641025641025641
1 0.7752403846153846 0.780448717948718 0.057692307692307696 0.06891025641025642
1 0.7740384615384616 0.7211538461538461 0.051682692307692304 0.0641025641025641
1 0.7536057692307693 0.6602564102564102 0.057692307692307696 0.07532051282051282
1 0.7872596153846154 0.6057692307692307 0.04807692307692308 0.07211538461538461
1 0.734375 0.5977564102564102 0.04447115384615385 0.07051282051282051
1 0.7223557692307693 0.7339743589743589 0.055288461538461536 0.06891025641025642
1 0.7175480769230769 0.7996794871794872 0.051682692307692304 0.06891025641025642
1 0.6826923076923077 0.5801282051282052 0.05048076923076923 0.06570512820512821
1 0.6899038461538461 0.655448717948718 0.04927884615384615 0.07371794871794872
1 0.6490384615384616 0.7035256410256411 0.06009615384615385 0.08493589743589744
1 0.6658653846153846 0.7692307692307693 0.04807692307692308 0.05608974358974359
1 0.5865384615384616 0.5785256410256411 0.05048076923076923 0.07211538461538461
1 0.6358173076923077 0.6169871794871795 0.057692307692307696 0.08173076923076923
1 0.6045673076923077 0.6746794871794872 0.05048076923076923 0.0673076923076923
1 0.6033653846153846 0.7596153846153846 0.04807692307692308 0.06570512820512821
1 0.5588942307692307 0.7900641025641025 0.04326923076923077 0.05929487179487179
1 0.5540865384615384 0.6426282051282052 0.055288461538461536 0.07211538461538461
1 0.5600961538461539 0.7243589743589743 0.0625 0.07852564102564102
1 0.49278846153846156 0.6153846153846154 0.051682692307692304 0.07532051282051282
1 0.5048076923076923 0.6842948717948718 0.051682692307692304 0.07051282051282051
1 0.5144230769230769 0.7644230769230769 0.04326923076923077 0.05448717948717949
1 0.47475961538461536 0.7932692307692307 0.05048076923076923 0.060897435897435896
1 0.46634615384615385 0.7259615384615384 0.055288461538461536 0.07852564102564102
1 0.44591346153846156 0.6666666666666666 0.05048076923076923 0.0625
1 0.41586538461538464 0.6105769230769231 0.04927884615384615 0.0673076923076923
1 0.40024038461538464 0.6730769230769231 0.04567307692307692 0.0625
1 0.4170673076923077 0.7307692307692307 0.039663461538461536 0.05448717948717949
1 0.42908653846153844 0.7868589743589743 0.04447115384615385 0.057692307692307696
1 0.38341346153846156 0.7932692307692307 0.04326923076923077 0.060897435897435896
1 0.3713942307692308 0.7339743589743589 0.04447115384615385 0.0673076923076923
1 0.35697115384615385 0.6634615384615384 0.038461538461538464 0.05448717948717949
1 0.36538461538461536 0.594551282051282 0.04326923076923077 0.0625
1 0.3161057692307692 0.6137820512820513 0.054086538461538464 0.07211538461538461
1 0.31490384615384615 0.6810897435897436 0.04927884615384615 0.0625
1 0.3233173076923077 0.7387820512820513 0.042067307692307696 0.057692307692307696
1 0.3473557692307692 0.782051282051282 0.04807692307692308 0.052884615384615384
1 0.28125 0.7227564102564102 0.04927884615384615 0.05929487179487179
1 0.2980769230769231 0.780448717948718 0.046875 0.060897435897435896
1 0.24759615384615385 0.7740384615384616 0.042067307692307696 0.05608974358974359
1 0.24519230769230768 0.6682692307692307 0.04326923076923077 0.05929487179487179
1 0.23677884615384615 0.7163461538461539 0.05048076923076923 0.05448717948717949
1 0.19110576923076922 0.7451923076923077 0.046875 0.05448717948717949
1 0.18389423076923078 0.6810897435897436 0.040865384615384616 0.05128205128205128
1 0.15625 0.7099358974358975 0.05048076923076923 0.05608974358974359
1 0.8185096153846154 0.7900641025641025 0.04447115384615385 0.049679487179487176
1 0.5709134615384616 0.6330128205128205 0.009615384615384616 0.3525641025641026
1 0.5204326923076923 0.6794871794871795 0.7896634615384616 0.32211538461538464