1 0.025240384615384616 0.7916666666666666 0.028846153846153848 0.08974358974358974
1 0.052884615384615384 0.7724358974358975 0.036057692307692304 0.09294871794871795
1 0.09375 0.7948717948717948 0.03365384615384615 0.07051282051282051
1 0.08533653846153846 0.717948717948718 0.04447115384615385 0.11217948717948718
1 0.13822115384615385 0.8076923076923077 0.036057692307692304 0.0673076923076923
1 0.1201923076923077 0.7467948717948718 0.037259615384615384 0.10256410256410256
1 0.1045673076923077 0.6282051282051282 0.036057692307692304 0.09935897435897435
1 0.12620192307692307 0.5480769230769231 0.042067307692307696 0.09935897435897435
1 0.14783653846153846 0.46474358974358976 0.04326923076923077 0.11217948717948718
1 0.16826923076923078 0.3782051282051282 0.039663461538461536 0.08974358974358974
1 0.1935096153846154 0.30128205128205127 0.04326923076923077 0.10897435897435898
1 0.140625 0.6730769230769231 0.037259615384615384 0.09935897435897435
1 0.16466346153846154 0.7435897435897436 0.04567307692307692 0.11538461538461539
1 0.1658653846153846 0.5801282051282052 0.042067307692307696 0.11858974358974358
1 0.18389423076923078 0.49038461538461536 0.037259615384615384 0.09935897435897435
1 0.20432692307692307 0.41025641025641024 0.039663461538461536 0.10576923076923077
1 0.24158653846153846 0.34935897435897434 0.04807692307692308 0.12179487179487179
1 0.24879807692307693 0.2532051282051282 0.03245192307692308 0.08333333333333333
1 0.23557692307692307 0.46474358974358976 0.036057692307692304 0.09294871794871795
1 0.21634615384615385 0.5641025641025641 0.051682692307692304 0.14102564102564102
1 0.19110576923076922 0.657051282051282 0.037259615384615384 0.10256410256410256
1 0.20552884615384615 0.7788461538461539 0.038461538461538464 0.08333333333333333
1 0.22596153846153846 0.7147435897435898 0.03125 0.08974358974358974
1 0.2536057692307692 0.7756410256410257 0.051682692307692304 0.09615384615384616
1 0.25600961538461536 0.6282051282051282 0.04927884615384615 0.13782051282051283
1 0.26322115384615385 0.5160256410256411 0.037259615384615384 0.10256410256410256
1 0.2704326923076923 0.41346153846153844 0.042067307692307696 0.11538461538461539
1 0.2824519230769231 0.32051282051282054 0.03485576923076923 0.10256410256410256
1 0.30649038461538464 0.21153846153846154 0.04927884615384615 0.14102564102564102
1 0.3485576923076923 0.16346153846153846 0.04807692307692308 0.12179487179487179
1 0.3425480769230769 0.266025641025641 0.03365384615384615 0.09935897435897435
1 0.32572115384615385 0.3717948717948718 0.057692307692307696 0.1346153846153846
1 0.3088942307692308 0.46794871794871795 0.04447115384615385 0.10897435897435898
1 0.2920673076923077 0.5993589743589743 0.03125 0.08012820512820513
1 0.28365384615384615 0.717948717948718 0.037259615384615384 0.10256410256410256
1 0.3161057692307692 0.7724358974358975 0.054086538461538464 0.08333333333333333
1 0.3245192307692308 0.5673076923076923 0.040865384615384616 0.10256410256410256
1 0.32091346153846156 0.6730769230769231 0.04567307692307692 0.1282051282051282
1 0.3942307692307692 0.14102564102564102 0.04326923076923077 0.12179487179487179
1 0.375 0.2467948717948718 0.03245192307692308 0.09615384615384616
1 0.3737980769230769 0.33974358974358976 0.037259615384615384 0.08653846153846154
1 0.36538461538461536 0.4326923076923077 0.039663461538461536 0.08974358974358974
1 0.3485576923076923 0.5064102564102564 0.03245192307692308 0.08653846153846154
1 0.3605769230769231 0.6089743589743589 0.04807692307692308 0.11858974358974358
1 0.35697115384615385 0.7243589743589743 0.046875 0.13141025641025642
1 0.38221153846153844 0.7852564102564102 0.04567307692307692 0.07051282051282051
1 0.4098557692307692 0.7339743589743589 0.038461538461538464 0.10897435897435898
1 0.390625 0.6634615384615384 0.03365384615384615 0.09935897435897435
1 0.38461538461538464 0.5288461538461539 0.036057692307692304 0.09935897435897435
1 0.4026442307692308 0.4583333333333333 0.03485576923076923 0.09615384615384616
1 0.42427884615384615 0.3814102564102564 0.040865384615384616 0.10576923076923077
1 0.4098557692307692 0.27564102564102566 0.042067307692307696 0.12179487179487179
1 0.4387019230769231 0.16346153846153846 0.04326923076923077 0.11538461538461539
1 0.453125 0.3173076923076923 0.038461538461538464 0.10256410256410256
1 0.42908653846153844 0.5064102564102564 0.028846153846153848 0.08653846153846154
1 0.4170673076923077 0.6057692307692307 0.04326923076923077 0.10256410256410256
1 0.4423076923076923 0.6730769230769231 0.03485576923076923 0.09294871794871795
1 0.4675480769230769 0.7307692307692307 0.036057692307692304 0.08653846153846154
1 0.4423076923076923 0.7756410256410257 0.037259615384615384 0.0641025641025641
1 0.47716346153846156 0.11217948717948718 0.04447115384615385 0.10576923076923077
1 0.47596153846153844 0.22435897435897437 0.046875 0.11217948717948718
1 0.4891826923076923 0.3525641025641026 0.040865384615384616 0.11217948717948718
1 0.4567307692307692 0.4423076923076923 0.04807692307692308 0.11858974358974358
1 0.45552884615384615 0.5608974358974359 0.04447115384615385 0.10897435897435898
1 0.4807692307692308 0.6538461538461539 0.037259615384615384 0.09935897435897435
1 0.5084134615384616 0.7115384615384616 0.039663461538461536 0.10576923076923077
1 0.4891826923076923 0.7852564102564102 0.036057692307692304 0.08012820512820513
1 0.5168269230769231 0.15384615384615385 0.038461538461538464 0.10256410256410256
1 0.5204326923076923 0.2692307692307692 0.05048076923076923 0.125
1 0.49038461538461536 0.5032051282051282 0.039663461538461536 0.10576923076923077
1 0.5168269230769231 0.5993589743589743 0.04567307692307692 0.11858974358974358
1 0.5420673076923077 0.7788461538461539 0.05048076923076923 0.11538461538461539
1 0.5480769230769231 0.6730769230769231 0.04567307692307692 0.09615384615384616
1 0.5552884615384616 0.21153846153846154 0.038461538461538464 0.08653846153846154
1 0.5192307692307693 0.4326923076923077 0.039663461538461536 0.11858974358974358
1 0.5480769230769231 0.36217948717948717 0.038461538461538464 0.08974358974358974
1 0.5408653846153846 0.5192307692307693 0.03245192307692308 0.08333333333333333
1 0.5697115384615384 0.592948717948718 0.040865384615384616 0.10576923076923077
1 0.5865384615384616 0.7435897435897436 0.046875 0.10897435897435898
1 0.6225961538461539 0.09935897435897435 0.037259615384615384 0.08974358974358974
1 0.6105769230769231 0.20833333333333334 0.046875 0.11217948717948718
1 0.5829326923076923 0.3076923076923077 0.04567307692307692 0.13141025641025642
1 0.5697115384615384 0.44551282051282054 0.039663461538461536 0.09935897435897435
1 0.6057692307692307 0.40064102564102566 0.040865384615384616 0.10897435897435898
1 0.6009615384615384 0.5224358974358975 0.046875 0.11538461538461539
1 0.609375 0.6282051282051282 0.042067307692307696 0.11217948717948718
1 0.6213942307692307 0.7980769230769231 0.039663461538461536 0.05128205128205128
1 0.6454326923076923 0.7147435897435898 0.056490384615384616 0.14743589743589744
1 0.6646634615384616 0.7980769230769231 0.039663461538461536 0.0673076923076923
1 0.6213942307692307 0.3076923076923077 0.03365384615384615 0.09615384615384616
1 0.6514423076923077 0.18269230769230768 0.03485576923076923 0.08653846153846154
1 0.6742788461538461 0.2692307692307692 0.042067307692307696 0.11217948717948718
1 0.6538461538461539 0.36538461538461536 0.046875 0.1346153846153846
1 0.6334134615384616 0.4583333333333333 0.03365384615384615 0.08653846153846154
1 0.671875 0.46474358974358976 0.038461538461538464 0.09935897435897435
1 0.6490384615384616 0.5608974358974359 0.052884615384615384 0.14102564102564102
1 0.6802884615384616 0.6346153846153846 0.03485576923076923 0.09935897435897435
1 0.6959134615384616 0.7275641025641025 0.04326923076923077 0.1282051282051282
1 0.7247596153846154 0.7916666666666666 0.037259615384615384 0.0641025641025641
1 0.6995192307692307 0.3782051282051282 0.037259615384615384 0.10897435897435898
1 0.6983173076923077 0.5416666666666666 0.04567307692307692 0.11858974358974358
1 0.7175480769230769 0.6442307692307693 0.03365384615384615 0.09615384615384616
1 0.7463942307692307 0.7051282051282052 0.042067307692307696 0.11217948717948718
1 0.7692307692307693 0.7852564102564102 0.04567307692307692 0.08012820512820513
1 0.7307692307692307 0.44551282051282054 0.051682692307692304 0.13782051282051283
1 0.7415865384615384 0.5737179487179487 0.03485576923076923 0.10256410256410256
1 0.7776442307692307 0.6282051282051282 0.04326923076923077 0.11858974358974358
1 0.8028846153846154 0.7339743589743589 0.04807692307692308 0.12179487179487179
1 0.8353365384615384 0.782051282051282 0.039663461538461536 0.07371794871794872
1 0.4182692307692308 0.5384615384615384 0.009615384615384616 0.27564102564102566
1 0.43509615384615385 0.4551282051282051 0.8665865384615384 0.8333333333333334