1 0.6490384615384616 0.2761627906976744 0.018028846153846152 0.05232558139534884
1 0.5396634615384616 0.2819767441860465 0.025240384615384616 0.05232558139534884
1 0.5072115384615384 0.28488372093023256 0.020432692307692308 0.055232558139534885
1 0.765625 0.28488372093023256 0.027644230769230768 0.06686046511627906
1 0.6225961538461539 0.2877906976744186 0.02403846153846154 0.055232558139534885
1 0.5913461538461539 0.2877906976744186 0.025240384615384616 0.06686046511627906
1 0.7271634615384616 0.29069767441860467 0.02403846153846154 0.061046511627906974
1 0.4699519230769231 0.29941860465116277 0.026442307692307692 0.0755813953488372
1 0.36899038461538464 0.3023255813953488 0.021634615384615384 0.05813953488372093
1 0.43028846153846156 0.30523255813953487 0.028846153846153848 0.06686046511627906
1 0.8125 0.311046511627907 0.026442307692307692 0.06686046511627906
1 0.6730769230769231 0.313953488372093 0.028846153846153848 0.06395348837209303
1 0.7019230769230769 0.3168604651162791 0.02403846153846154 0.05813953488372093
1 0.40024038461538464 0.3168604651162791 0.019230769230769232 0.055232558139534885
1 0.5612980769230769 0.31976744186046513 0.019230769230769232 0.046511627906976744
1 0.2608173076923077 0.3226744186046512 0.021634615384615384 0.04941860465116279
1 0.28846153846153844 0.3226744186046512 0.021634615384615384 0.04941860465116279
1 0.6382211538461539 0.3226744186046512 0.020432692307692308 0.046511627906976744
1 0.3425480769230769 0.3313953488372093 0.026442307692307692 0.07267441860465117
1 0.7860576923076923 0.3313953488372093 0.025240384615384616 0.05813953488372093
1 0.22716346153846154 0.33430232558139533 0.020432692307692308 0.05232558139534884
1 0.3137019230769231 0.34011627906976744 0.020432692307692308 0.05813953488372093
1 0.5817307692307693 0.3430232558139535 0.019230769230769232 0.046511627906976744
1 0.5120192307692307 0.34593023255813954 0.020432692307692308 0.04941860465116279
1 0.75 0.3488372093023256 0.030048076923076924 0.06686046511627906
1 0.8329326923076923 0.3488372093023256 0.021634615384615384 0.046511627906976744
1 0.6129807692307693 0.35174418604651164 0.027644230769230768 0.06976744186046512
1 0.4879807692307692 0.35755813953488375 0.021634615384615384 0.05813953488372093
1 0.45552884615384615 0.36046511627906974 0.027644230769230768 0.06976744186046512
1 0.41346153846153844 0.36046511627906974 0.02403846153846154 0.055232558139534885
1 0.5384615384615384 0.3633720930232558 0.021634615384615384 0.061046511627906974
1 0.3701923076923077 0.36627906976744184 0.021634615384615384 0.055232558139534885
1 0.27283653846153844 0.37209302325581395 0.025240384615384616 0.04941860465116279
1 0.7115384615384616 0.37790697674418605 0.028846153846153848 0.06395348837209303
1 0.6826923076923077 0.3808139534883721 0.027644230769230768 0.061046511627906974
1 0.6598557692307693 0.3808139534883721 0.02403846153846154 0.06686046511627906
1 0.21153846153846154 0.3808139534883721 0.02283653846153846 0.055232558139534885
1 0.7980769230769231 0.38953488372093026 0.025240384615384616 0.061046511627906974
1 0.3269230769230769 0.38953488372093026 0.02403846153846154 0.046511627906976744
1 0.8569711538461539 0.39244186046511625 0.027644230769230768 0.06976744186046512
1 0.5637019230769231 0.39244186046511625 0.028846153846153848 0.06686046511627906
1 0.3894230769230769 0.39244186046511625 0.019230769230769232 0.055232558139534885
1 0.3485576923076923 0.39244186046511625 0.019230769230769232 0.046511627906976744
1 0.7704326923076923 0.3953488372093023 0.021634615384615384 0.05232558139534884
1 0.24879807692307693 0.39825581395348836 0.026442307692307692 0.06395348837209303
1 0.3016826923076923 0.39825581395348836 0.026442307692307692 0.05813953488372093
1 0.6322115384615384 0.4011627906976744 0.02403846153846154 0.05813953488372093
1 0.59375 0.40406976744186046 0.021634615384615384 0.055232558139534885
1 0.43509615384615385 0.40406976744186046 0.02403846153846154 0.05232558139534884
1 0.5036057692307693 0.4069767441860465 0.025240384615384616 0.05813953488372093
1 0.4735576923076923 0.40988372093023256 0.020432692307692308 0.055232558139534885
1 0.8257211538461539 0.4127906976744186 0.03245192307692308 0.07848837209302326
1 0.7475961538461539 0.4186046511627907 0.02283653846153846 0.05232558139534884
1 0.5288461538461539 0.42151162790697677 0.02283653846153846 0.055232558139534885
1 0.27884615384615385 0.4273255813953488 0.02283653846153846 0.05813953488372093
1 0.7223557692307693 0.4273255813953488 0.02283653846153846 0.046511627906976744
1 0.6971153846153846 0.4273255813953488 0.02403846153846154 0.05232558139534884
1 0.6694711538461539 0.4273255813953488 0.020432692307692308 0.05813953488372093
1 0.36778846153846156 0.43023255813953487 0.02283653846153846 0.06395348837209303
1 0.19951923076923078 0.436046511627907 0.020432692307692308 0.04941860465116279
1 0.22716346153846154 0.436046511627907 0.015625 0.04941860465116279
1 0.3161057692307692 0.4418604651162791 0.025240384615384616 0.055232558139534885
1 0.40384615384615385 0.4418604651162791 0.025240384615384616 0.05813953488372093
1 0.7860576923076923 0.44476744186046513 0.02403846153846154 0.04941860465116279
1 0.453125 0.44476744186046513 0.02283653846153846 0.046511627906976744
1 0.3449519230769231 0.4476744186046512 0.020432692307692308 0.0436046511627907
1 0.25841346153846156 0.4476744186046512 0.014423076923076924 0.040697674418604654
1 0.5793269230769231 0.4476744186046512 0.025240384615384616 0.05232558139534884
1 0.6490384615384616 0.45058139534883723 0.020432692307692308 0.046511627906976744
1 0.6033653846153846 0.45058139534883723 0.020432692307692308 0.04941860465116279
1 0.7584134615384616 0.4563953488372093 0.020432692307692308 0.04941860465116279
1 0.5528846153846154 0.4563953488372093 0.02403846153846154 0.055232558139534885
1 0.4879807692307692 0.4563953488372093 0.021634615384615384 0.046511627906976744
1 0.6262019230769231 0.45930232558139533 0.020432692307692308 0.05232558139534884
1 0.8629807692307693 0.4622093023255814 0.026442307692307692 0.06686046511627906
1 0.2932692307692308 0.4622093023255814 0.019230769230769232 0.04941860465116279
1 0.6826923076923077 0.4680232558139535 0.016826923076923076 0.046511627906976744
1 0.515625 0.4680232558139535 0.02283653846153846 0.06395348837209303
1 0.43149038461538464 0.4680232558139535 0.02283653846153846 0.05232558139534884
1 0.24158653846153846 0.4738372093023256 0.021634615384615384 0.05232558139534884
1 0.7391826923076923 0.47674418604651164 0.021634615384615384 0.05813953488372093
1 0.8064903846153846 0.4796511627906977 0.02403846153846154 0.06686046511627906
1 0.7127403846153846 0.4796511627906977 0.020432692307692308 0.0436046511627907
1 0.8341346153846154 0.48255813953488375 0.02283653846153846 0.05813953488372093
1 0.21394230769230768 0.48255813953488375 0.021634615384615384 0.055232558139534885
1 0.6658653846153846 0.48546511627906974 0.020432692307692308 0.055232558139534885
1 0.4699519230769231 0.48546511627906974 0.02283653846153846 0.055232558139534885
1 0.38822115384615385 0.48546511627906974 0.020432692307692308 0.04941860465116279
1 0.3605769230769231 0.4883720930232558 0.020432692307692308 0.046511627906976744
1 0.3088942307692308 0.49127906976744184 0.021634615384615384 0.05232558139534884
1 0.18389423076923078 0.4941860465116279 0.019230769230769232 0.040697674418604654
1 0.5348557692307693 0.4941860465116279 0.019230769230769232 0.055232558139534885
1 0.3389423076923077 0.4941860465116279 0.019230769230769232 0.046511627906976744
1 0.2704326923076923 0.4941860465116279 0.027644230769230768 0.07267441860465117
2 0.5348557692307693 0.4941860465116279 0.9278846153846154 0.5697674418604651
1 0.5949519230769231 0.5 0.021634615384615384 0.0436046511627907
1 0.6959134615384616 0.5 0.014423076923076924 0.05232558139534884
1 0.7836538461538461 0.502906976744186 0.020432692307692308 0.05232558139534884
1 0.5733173076923077 0.502906976744186 0.02283653846153846 0.055232558139534885
1 0.6442307692307693 0.5087209302325582 0.02403846153846154 0.061046511627906974
1 0.4098557692307692 0.5087209302325582 0.021634615384615384 0.05813953488372093
1 0.7584134615384616 0.5087209302325582 0.021634615384615384 0.0436046511627907
1 0.8834134615384616 0.5116279069767442 0.02403846153846154 0.061046511627906974
1 0.6177884615384616 0.5145348837209303 0.02403846153846154 0.061046511627906974
1 0.5024038461538461 0.5145348837209303 0.019230769230769232 0.046511627906976744
1 0.45072115384615385 0.5203488372093024 0.020432692307692308 0.061046511627906974
1 0.7211538461538461 0.5203488372093024 0.021634615384615384 0.046511627906976744
1 0.3737980769230769 0.5232558139534884 0.020432692307692308 0.046511627906976744
1 0.8533653846153846 0.5232558139534884 0.025240384615384616 0.06395348837209303
1 0.25 0.5261627906976745 0.018028846153846152 0.05232558139534884
1 0.2283653846153846 0.5261627906976745 0.02403846153846154 0.04941860465116279
1 0.32211538461538464 0.5290697674418605 0.020432692307692308 0.046511627906976744
1 0.015625 0.5290697674418605 0.030048076923076924 0.06976744186046512
1 0.5564903846153846 0.5290697674418605 0.021634615384615384 0.055232558139534885
1 0.19591346153846154 0.5319767441860465 0.02283653846153846 0.05813953488372093
1 0.6826923076923077 0.5319767441860465 0.016826923076923076 0.0436046511627907
1 0.35336538461538464 0.5319767441860465 0.018028846153846152 0.046511627906976744
1 0.8221153846153846 0.5406976744186046 0.019230769230769232 0.05232558139534884
1 0.17067307692307693 0.5406976744186046 0.02403846153846154 0.061046511627906974
1 0.4795673076923077 0.5406976744186046 0.020432692307692308 0.04941860465116279
1 0.5216346153846154 0.5436046511627907 0.02283653846153846 0.05232558139534884
1 0.7992788461538461 0.5436046511627907 0.021634615384615384 0.05232558139534884
1 0.2920673076923077 0.5436046511627907 0.02283653846153846 0.05232558139534884
1 0.5901442307692307 0.5465116279069767 0.025240384615384616 0.05232558139534884
1 0.7728365384615384 0.5494186046511628 0.025240384615384616 0.05813953488372093
1 0.6610576923076923 0.5494186046511628 0.019230769230769232 0.040697674418604654
1 0.7379807692307693 0.5494186046511628 0.020432692307692308 0.04941860465116279
1 0.7043269230769231 0.5494186046511628 0.019230769230769232 0.0377906976744186
1 0.42908653846153844 0.5552325581395349 0.02403846153846154 0.05232558139534884
1 0.2644230769230769 0.5581395348837209 0.019230769230769232 0.05232558139534884
1 0.6358173076923077 0.561046511627907 0.021634615384615384 0.06686046511627906
1 0.90625 0.563953488372093 0.026442307692307692 0.055232558139534885
1 0.5 0.563953488372093 0.019230769230769232 0.046511627906976744
1 0.39903846153846156 0.563953488372093 0.026442307692307692 0.04941860465116279
1 0.2403846153846154 0.5726744186046512 0.015625 0.03488372093023256
1 0.46153846153846156 0.5726744186046512 0.02403846153846154 0.05232558139534884
1 0.2091346153846154 0.5726744186046512 0.019230769230769232 0.046511627906976744
1 0.140625 0.5726744186046512 0.014423076923076924 0.046511627906976744
1 0.3125 0.5726744186046512 0.027644230769230768 0.055232558139534885
1 0.6105769230769231 0.5755813953488372 0.020432692307692308 0.055232558139534885
1 0.8701923076923077 0.5755813953488372 0.02283653846153846 0.04941860465116279
1 0.5396634615384616 0.5784883720930233 0.021634615384615384 0.04941860465116279
1 0.7223557692307693 0.5784883720930233 0.019230769230769232 0.04941860465116279
1 0.5637019230769231 0.5813953488372093 0.018028846153846152 0.046511627906976744
1 0.375 0.5813953488372093 0.025240384615384616 0.061046511627906974
1 0.8461538461538461 0.5813953488372093 0.020432692307692308 0.05813953488372093
1 0.3473557692307692 0.5843023255813954 0.02403846153846154 0.05813953488372093
1 0.7560096153846154 0.5843023255813954 0.02283653846153846 0.061046511627906974
1 0.18509615384615385 0.5872093023255814 0.026442307692307692 0.05813953488372093
1 0.15625 0.5872093023255814 0.015625 0.04941860465116279
1 0.6778846153846154 0.5872093023255814 0.025240384615384616 0.061046511627906974
1 0.6538461538461539 0.5901162790697675 0.021634615384615384 0.046511627906976744
1 0.8125 0.5959302325581395 0.025240384615384616 0.05232558139534884
1 0.4423076923076923 0.5959302325581395 0.019230769230769232 0.046511627906976744
1 0.28125 0.5959302325581395 0.019230769230769232 0.0436046511627907
1 0.47836538461538464 0.5959302325581395 0.015625 0.040697674418604654
1 0.5180288461538461 0.5988372093023255 0.020432692307692308 0.05232558139534884
1 0.9326923076923077 0.5988372093023255 0.03125 0.08139534883720931
1 0.7007211538461539 0.5988372093023255 0.016826923076923076 0.05232558139534884
1 0.028846153846153848 0.6017441860465116 0.028846153846153848 0.0755813953488372
1 0.5853365384615384 0.6017441860465116 0.02403846153846154 0.061046511627906974
1 0.12139423076923077 0.6046511627906976 0.019230769230769232 0.05813953488372093
1 0.7836538461538461 0.6075581395348837 0.025240384615384616 0.055232558139534885
1 0.8918269230769231 0.6104651162790697 0.018028846153846152 0.061046511627906974
1 0.4182692307692308 0.6133720930232558 0.025240384615384616 0.05813953488372093
1 0.2247596153846154 0.6133720930232558 0.02403846153846154 0.04941860465116279
1 0.49759615384615385 0.6133720930232558 0.019230769230769232 0.04941860465116279
1 0.3954326923076923 0.6133720930232558 0.020432692307692308 0.04941860465116279
1 0.2536057692307692 0.6162790697674418 0.021634615384615384 0.04941860465116279
1 0.7391826923076923 0.6162790697674418 0.019230769230769232 0.05232558139534884
1 0.3605769230769231 0.6191860465116279 0.018028846153846152 0.0377906976744186
1 0.14302884615384615 0.6191860465116279 0.016826923076923076 0.046511627906976744
1 0.625 0.6191860465116279 0.021634615384615384 0.04941860465116279
1 0.3245192307692308 0.622093023255814 0.021634615384615384 0.04941860465116279
0 0.8689903846153846 0.627906976744186 0.01201923076923077 0.2558139534883721
1 0.8317307692307693 0.6308139534883721 0.02283653846153846 0.055232558139534885
1 0.8617788461538461 0.6308139534883721 0.021634615384615384 0.061046511627906974
1 0.5324519230769231 0.6308139534883721 0.021634615384615384 0.04941860465116279
1 0.5588942307692307 0.6337209302325582 0.019230769230769232 0.05232558139534884
1 0.4579326923076923 0.6337209302325582 0.019230769230769232 0.055232558139534885
1 0.29927884615384615 0.6337209302325582 0.027644230769230768 0.055232558139534885
1 0.20072115384615385 0.6395348837209303 0.021634615384615384 0.046511627906976744
1 0.6442307692307693 0.6424418604651163 0.020432692307692308 0.0436046511627907
1 0.27283653846153844 0.6424418604651163 0.021634615384615384 0.04941860465116279
1 0.6706730769230769 0.6424418604651163 0.016826923076923076 0.0436046511627907
1 0.6033653846153846 0.6424418604651163 0.019230769230769232 0.0436046511627907
1 0.9555288461538461 0.6424418604651163 0.019230769230769232 0.046511627906976744
1 0.4807692307692308 0.6424418604651163 0.020432692307692308 0.046511627906976744
1 0.34375 0.6482558139534884 0.021634615384615384 0.055232558139534885
1 0.7620192307692307 0.6511627906976745 0.021634615384615384 0.055232558139534885
1 0.6959134615384616 0.6511627906976745 0.021634615384615384 0.046511627906976744
1 0.7175480769230769 0.6511627906976745 0.018028846153846152 0.0436046511627907
1 0.8076923076923077 0.6511627906976745 0.021634615384615384 0.04941860465116279
1 0.5108173076923077 0.6540697674418605 0.02283653846153846 0.055232558139534885
1 0.1658653846153846 0.6540697674418605 0.03245192307692308 0.0755813953488372
1 0.3786057692307692 0.6540697674418605 0.02403846153846154 0.05232558139534884
1 0.5757211538461539 0.6569767441860465 0.019230769230769232 0.040697674418604654
1 0.4387019230769231 0.6569767441860465 0.019230769230769232 0.05232558139534884
1 0.23677884615384615 0.6569767441860465 0.018028846153846152 0.05232558139534884
1 0.01201923076923077 0.6598837209302325 0.021634615384615384 0.09593023255813954
1 0.11899038461538461 0.6627906976744186 0.021634615384615384 0.05813953488372093
1 0.9122596153846154 0.6656976744186046 0.028846153846153848 0.07267441860465117
1 0.4074519230769231 0.6656976744186046 0.020432692307692308 0.04941860465116279
1 0.8822115384615384 0.6686046511627907 0.025240384615384616 0.061046511627906974
1 0.7848557692307693 0.6715116279069767 0.021634615384615384 0.061046511627906974
1 0.042067307692307696 0.6715116279069767 0.027644230769230768 0.061046511627906974
1 0.5480769230769231 0.6715116279069767 0.013221153846153846 0.0436046511627907
1 0.3233173076923077 0.6802325581395349 0.02403846153846154 0.06395348837209303
1 0.21754807692307693 0.6831395348837209 0.020432692307692308 0.05232558139534884
1 0.7439903846153846 0.6831395348837209 0.021634615384615384 0.055232558139534885
1 0.6213942307692307 0.686046511627907 0.02283653846153846 0.055232558139534885
1 0.13822115384615385 0.686046511627907 0.016826923076923076 0.0377906976744186
1 0.25600961538461536 0.686046511627907 0.021634615384615384 0.05232558139534884
1 0.9387019230769231 0.686046511627907 0.02403846153846154 0.061046511627906974
1 0.5649038461538461 0.688953488372093 0.019230769230769232 0.046511627906976744
1 0.5324519230769231 0.688953488372093 0.015625 0.0436046511627907
1 0.6766826923076923 0.6918604651162791 0.020432692307692308 0.055232558139534885
1 0.9675480769230769 0.6918604651162791 0.02403846153846154 0.055232558139534885
1 0.6526442307692307 0.6918604651162791 0.020432692307692308 0.046511627906976744
1 0.46153846153846156 0.6918604651162791 0.030048076923076924 0.06395348837209303
1 0.2932692307692308 0.6918604651162791 0.02403846153846154 0.05813953488372093
1 0.59375 0.6947674418604651 0.02403846153846154 0.055232558139534885
1 0.8509615384615384 0.6947674418604651 0.021634615384615384 0.061046511627906974
1 0.49399038461538464 0.6947674418604651 0.021634615384615384 0.061046511627906974
1 0.3581730769230769 0.6947674418604651 0.02403846153846154 0.05813953488372093
1 0.7055288461538461 0.6947674418604651 0.018028846153846152 0.040697674418604654
1 0.19110576923076922 0.6976744186046512 0.026442307692307692 0.055232558139534885
1 0.10096153846153846 0.6976744186046512 0.020432692307692308 0.05232558139534884
1 0.42427884615384615 0.7005813953488372 0.020432692307692308 0.05232558139534884
1 0.8149038461538461 0.7034883720930233 0.021634615384615384 0.04941860465116279
1 0.3894230769230769 0.7093023255813954 0.026442307692307692 0.055232558139534885
1 0.7668269230769231 0.7122093023255814 0.015625 0.046511627906976744
1 0.15625 0.7209302325581395 0.025240384615384616 0.05813953488372093
1 0.7199519230769231 0.7238372093023255 0.019230769230769232 0.040697674418604654
1 0.6911057692307693 0.7267441860465116 0.020432692307692308 0.02616279069767442
1 0.6346153846153846 0.7267441860465116 0.020432692307692308 0.040697674418604654
1 0.9182692307692307 0.7267441860465116 0.025240384615384616 0.046511627906976744
1 0.8894230769230769 0.7267441860465116 0.018028846153846152 0.040697674418604654
1 0.6670673076923077 0.7267441860465116 0.020432692307692308 0.0377906976744186
1 0.546875 0.7267441860465116 0.02403846153846154 0.05232558139534884
1 0.05889423076923077 0.7296511627906976 0.030048076923076924 0.07267441860465117
1 0.7920673076923077 0.7296511627906976 0.02283653846153846 0.05232558139534884
1 0.8329326923076923 0.7325581395348837 0.025240384615384616 0.0436046511627907
1 0.8617788461538461 0.7325581395348837 0.019230769230769232 0.0377906976744186
1 0.6117788461538461 0.7325581395348837 0.020432692307692308 0.0377906976744186
1 0.5132211538461539 0.7325581395348837 0.027644230769230768 0.05813953488372093
1 0.5805288461538461 0.7354651162790697 0.021634615384615384 0.0436046511627907
1 0.9507211538461539 0.7354651162790697 0.021634615384615384 0.03197674418604651
1 0.9855769230769231 0.7354651162790697 0.025240384615384616 0.055232558139534885
1 0.75 0.7354651162790697 0.016826923076923076 0.0377906976744186
1 0.27403846153846156 0.7383720930232558 0.027644230769230768 0.05232558139534884
1 0.34975961538461536 0.7441860465116279 0.019230769230769232 0.05232558139534884
1 0.30288461538461536 0.7441860465116279 0.020432692307692308 0.046511627906976744
1 0.24158653846153846 0.7441860465116279 0.025240384615384616 0.05232558139534884
1 0.08413461538461539 0.7441860465116279 0.025240384615384616 0.06686046511627906
1 0.3245192307692308 0.7441860465116279 0.018028846153846152 0.055232558139534885
1 0.4326923076923077 0.7441860465116279 0.018028846153846152 0.046511627906976744
1 0.37259615384615385 0.7441860465116279 0.019230769230769232 0.05813953488372093
1 0.40865384615384615 0.747093023255814 0.019230769230769232 0.055232558139534885
1 0.47836538461538464 0.747093023255814 0.02283653846153846 0.046511627906976744
1 0.453125 0.747093023255814 0.018028846153846152 0.0436046511627907
1 0.2091346153846154 0.747093023255814 0.025240384615384616 0.05813953488372093
1 0.1778846153846154 0.747093023255814 0.021634615384615384 0.055232558139534885
1 0.13942307692307693 0.752906976744186 0.015625 0.03488372093023256
1 0.11298076923076923 0.7587209302325582 0.019230769230769232 0.0436046511627907
1 0.7451923076923077 0.24127906976744187 0.021634615384615384 0.05232558139534884
1 0.7956730769230769 0.2616279069767442 0.025240384615384616 0.06395348837209303
1 0.6887019230769231 0.26744186046511625 0.016826923076923076 0.046511627906976744