1 0.9170673076923077 0.6196721311475409 0.06490384615384616 0.16721311475409836
1 0.9459134615384616 0.7508196721311475 0.04807692307692308 0.10491803278688525
1 0.8942307692307693 0.7639344262295082 0.046875 0.11147540983606558
1 0.8665865384615384 0.6786885245901639 0.04326923076923077 0.1180327868852459
1 0.8353365384615384 0.7442622950819672 0.04807692307692308 0.09508196721311475
1 0.8377403846153846 0.5737704918032787 0.06009615384615385 0.16065573770491803
1 0.7944711538461539 0.6655737704918033 0.04807692307692308 0.13442622950819672
1 0.7608173076923077 0.740983606557377 0.042067307692307696 0.09180327868852459
1 0.7824519230769231 0.5442622950819672 0.04326923076923077 0.10819672131147541
1 0.8125 0.43278688524590164 0.05048076923076923 0.13442622950819672
1 0.7632211538461539 0.43278688524590164 0.04326923076923077 0.12131147540983607
1 0.7403846153846154 0.6163934426229508 0.06129807692307692 0.1540983606557377
1 0.7211538461538461 0.7245901639344262 0.03125 0.08852459016393442
1 0.6995192307692307 0.6557377049180327 0.028846153846153848 0.08524590163934426
1 0.6814903846153846 0.7377049180327869 0.03365384615384615 0.07868852459016394
1 0.7211538461538461 0.4885245901639344 0.040865384615384616 0.11147540983606558
1 0.7872596153846154 0.32786885245901637 0.040865384615384616 0.11147540983606558
1 0.7764423076923077 0.21967213114754097 0.040865384615384616 0.11147540983606558
1 0.734375 0.3180327868852459 0.056490384615384616 0.14754098360655737
1 0.7007211538461539 0.19344262295081968 0.055288461538461536 0.1377049180327869
1 0.6911057692307693 0.09180327868852459 0.025240384615384616 0.06885245901639345
1 0.6670673076923077 0.13442622950819672 0.027644230769230768 0.07868852459016394
1 0.671875 0.29508196721311475 0.03485576923076923 0.09508196721311475
1 0.6911057692307693 0.40327868852459015 0.054086538461538464 0.1377049180327869
1 0.6838942307692307 0.5508196721311476 0.04567307692307692 0.1180327868852459
1 0.6574519230769231 0.6655737704918033 0.038461538461538464 0.09508196721311475
1 0.6225961538461539 0.7180327868852459 0.04807692307692308 0.11147540983606558
1 0.6237980769230769 0.6262295081967213 0.021634615384615384 0.05901639344262295
1 0.640625 0.5606557377049181 0.037259615384615384 0.09836065573770492
1 0.6610576923076923 0.47540983606557374 0.03125 0.09508196721311475
1 0.6274038461538461 0.47540983606557374 0.028846153846153848 0.08196721311475409
1 0.640625 0.38688524590163936 0.040865384615384616 0.11147540983606558
1 0.6346153846153846 0.10491803278688525 0.026442307692307692 0.07540983606557378
1 0.6382211538461539 0.21639344262295082 0.05048076923076923 0.1377049180327869
1 0.6069711538461539 0.3180327868852459 0.04927884615384615 0.12459016393442623
1 0.5757211538461539 0.25573770491803277 0.03125 0.10163934426229508
1 0.59375 0.15081967213114755 0.042067307692307696 0.10819672131147541
1 0.546875 0.17049180327868851 0.037259615384615384 0.10491803278688525
1 0.5240384615384616 0.26229508196721313 0.04326923076923077 0.11147540983606558
1 0.5168269230769231 0.1377049180327869 0.02403846153846154 0.06885245901639345
1 0.5540865384615384 0.35737704918032787 0.040865384615384616 0.11147540983606558
1 0.5853365384615384 0.4360655737704918 0.04567307692307692 0.12786885245901639
1 0.6033653846153846 0.5573770491803278 0.03125 0.08524590163934426
1 0.59375 0.6426229508196721 0.03125 0.07868852459016394
1 0.5745192307692307 0.7278688524590164 0.040865384615384616 0.1180327868852459
1 0.5576923076923077 0.6459016393442623 0.02403846153846154 0.06229508196721312
1 0.5709134615384616 0.5868852459016394 0.02283653846153846 0.06229508196721312
1 0.5480769230769231 0.5180327868852459 0.04567307692307692 0.12786885245901639
1 0.515625 0.6163934426229508 0.04927884615384615 0.12786885245901639
1 0.5360576923076923 0.7147540983606557 0.03485576923076923 0.09180327868852459
1 0.4963942307692308 0.7311475409836066 0.042067307692307696 0.12131147540983607
1 0.4519230769230769 0.6786885245901639 0.051682692307692304 0.12786885245901639
1 0.47475961538461536 0.5639344262295082 0.037259615384615384 0.11147540983606558
1 0.5036057692307693 0.49836065573770494 0.037259615384615384 0.09508196721311475
1 0.5252403846153846 0.4262295081967213 0.027644230769230768 0.08196721311475409
1 0.47836538461538464 0.42950819672131146 0.038461538461538464 0.11147540983606558
1 0.5048076923076923 0.3540983606557377 0.036057692307692304 0.10819672131147541
1 0.46274038461538464 0.3114754098360656 0.04567307692307692 0.13442622950819672
1 0.4891826923076923 0.19672131147540983 0.04326923076923077 0.1180327868852459
1 0.45072115384615385 0.1901639344262295 0.025240384615384616 0.07213114754098361
1 0.43990384615384615 0.4 0.03245192307692308 0.09180327868852459
1 0.4411057692307692 0.49836065573770494 0.039663461538461536 0.09836065573770492
1 0.421875 0.5901639344262295 0.036057692307692304 0.09836065573770492
1 0.4026442307692308 0.6688524590163935 0.03245192307692308 0.08524590163934426
1 0.38461538461538464 0.7278688524590164 0.03125 0.07213114754098361
1 0.41466346153846156 0.14426229508196722 0.025240384615384616 0.07540983606557378
1 0.39903846153846156 0.18360655737704917 0.015625 0.06229508196721312
1 0.4206730769230769 0.23934426229508196 0.040865384615384616 0.10491803278688525
1 0.39302884615384615 0.3344262295081967 0.042067307692307696 0.1180327868852459
1 0.36538461538461536 0.2098360655737705 0.04807692307692308 0.14754098360655737
1 0.36899038461538464 0.4065573770491803 0.025240384615384616 0.06885245901639345
1 0.40384615384615385 0.4524590163934426 0.04326923076923077 0.11475409836065574
1 0.38461538461538464 0.5573770491803278 0.03245192307692308 0.08852459016393442
1 0.3581730769230769 0.639344262295082 0.046875 0.12459016393442623
1 0.3485576923076923 0.7377049180327869 0.030048076923076924 0.06557377049180328
1 0.30288461538461536 0.7442622950819672 0.030048076923076924 0.06885245901639345
1 0.3245192307692308 0.6918032786885245 0.027644230769230768 0.07213114754098361
1 0.3125 0.6065573770491803 0.04567307692307692 0.1180327868852459
1 0.2860576923076923 0.6622950819672131 0.03485576923076923 0.09180327868852459
1 0.3449519230769231 0.49508196721311476 0.06009615384615385 0.15737704918032788
1 0.3076923076923077 0.4360655737704918 0.03125 0.08524590163934426
1 0.3329326923076923 0.3540983606557377 0.051682692307692304 0.1377049180327869
1 0.3088942307692308 0.21639344262295082 0.052884615384615384 0.15737704918032788
1 0.27283653846153844 0.20327868852459016 0.02283653846153846 0.05901639344262295
1 0.2848557692307692 0.3540983606557377 0.040865384615384616 0.1180327868852459
1 0.2824519230769231 0.4852459016393443 0.040865384615384616 0.11147540983606558
1 0.25721153846153844 0.580327868852459 0.042067307692307696 0.11147540983606558
1 0.23677884615384615 0.6688524590163935 0.037259615384615384 0.09836065573770492
1 0.2608173076923077 0.7508196721311475 0.040865384615384616 0.08852459016393442
1 0.20793269230769232 0.7442622950819672 0.037259615384615384 0.10163934426229508
1 0.17067307692307693 0.7278688524590164 0.03245192307692308 0.09508196721311475
1 0.19230769230769232 0.659016393442623 0.030048076923076924 0.09180327868852459
1 0.21394230769230768 0.5836065573770491 0.038461538461538464 0.10819672131147541
1 0.23557692307692307 0.5081967213114754 0.030048076923076924 0.09180327868852459
1 0.2536057692307692 0.4163934426229508 0.042067307692307696 0.10819672131147541
1 0.2536057692307692 0.28524590163934427 0.037259615384615384 0.10163934426229508
1 0.234375 0.21311475409836064 0.02403846153846154 0.06557377049180328
1 0.19951923076923078 0.21639344262295082 0.021634615384615384 0.05245901639344262
1 0.2127403846153846 0.25901639344262295 0.020432692307692308 0.05573770491803279
1 0.22115384615384615 0.3442622950819672 0.037259615384615384 0.10163934426229508
1 0.1778846153846154 0.29180327868852457 0.042067307692307696 0.11147540983606558
1 0.18028846153846154 0.38688524590163936 0.030048076923076924 0.07868852459016394
1 0.20673076923076922 0.43934426229508194 0.03485576923076923 0.08852459016393442
1 0.171875 0.5180327868852459 0.05048076923076923 0.14098360655737704
1 0.13822115384615385 0.42950819672131146 0.036057692307692304 0.10163934426229508
1 0.11057692307692307 0.4885245901639344 0.03125 0.08524590163934426
1 0.11177884615384616 0.5901639344262295 0.037259615384615384 0.10491803278688525
1 0.15745192307692307 0.6295081967213115 0.03485576923076923 0.09836065573770492
1 0.12740384615384615 0.6983606557377049 0.046875 0.12459016393442623
1 0.07932692307692307 0.6754098360655738 0.04567307692307692 0.12786885245901639
1 0.038461538461538464 0.7245901639344262 0.04326923076923077 0.1180327868852459
1 0.5120192307692307 0.6426229508196721 0.003605769230769231 0.2983606557377049
1 0.49158653846153844 0.42950819672131146 0.9603365384615384 0.7901639344262295