1 0.609375 0.3 0.020432692307692308 0.07083333333333333
1 0.5709134615384616 0.30833333333333335 0.016826923076923076 0.0625
1 0.6634615384615384 0.3125 0.016826923076923076 0.05416666666666667
1 0.15384615384615385 0.3125 0.020432692307692308 0.075
1 0.8197115384615384 0.31666666666666665 0.013221153846153846 0.03333333333333333
1 0.25721153846153844 0.31666666666666665 0.009615384615384616 0.0375
1 0.3545673076923077 0.31666666666666665 0.019230769230769232 0.075
1 0.5889423076923077 0.31666666666666665 0.01201923076923077 0.03333333333333333
1 0.2932692307692308 0.029166666666666667 0.019230769230769232 0.058333333333333334
1 0.6754807692307693 0.32083333333333336 0.006009615384615385 0.029166666666666667
1 0.20793269230769232 0.325 0.006009615384615385 0.020833333333333332
1 0.41586538461538464 0.325 0.021634615384615384 0.058333333333333334
1 0.19831730769230768 0.325 0.009615384615384616 0.0375
1 0.23798076923076922 0.32916666666666666 0.010817307692307692 0.029166666666666667
1 0.4699519230769231 0.3333333333333333 0.015625 0.05416666666666667
1 0.24879807692307693 0.3333333333333333 0.010817307692307692 0.0375
1 0.7644230769230769 0.3333333333333333 0.025240384615384616 0.1
1 0.6430288461538461 0.3333333333333333 0.026442307692307692 0.09583333333333334
1 0.22235576923076922 0.3375 0.013221153846153846 0.05
1 0.27403846153846156 0.3416666666666667 0.025240384615384616 0.09166666666666666
1 0.171875 0.3416666666666667 0.015625 0.05416666666666667
1 0.6213942307692307 0.3416666666666667 0.009615384615384616 0.03333333333333333
1 0.5516826923076923 0.3458333333333333 0.019230769230769232 0.0625
1 0.5024038461538461 0.35 0.021634615384615384 0.075
1 0.3918269230769231 0.35 0.010817307692307692 0.029166666666666667
1 0.734375 0.3541666666666667 0.030048076923076924 0.11666666666666667
1 0.7019230769230769 0.3541666666666667 0.02403846153846154 0.0875
1 0.2091346153846154 0.35833333333333334 0.014423076923076924 0.05
1 0.796875 0.35833333333333334 0.021634615384615384 0.06666666666666667
1 0.1875 0.35833333333333334 0.010817307692307692 0.03333333333333333
1 0.7788461538461539 0.35833333333333334 0.008413461538461538 0.03333333333333333
1 0.6117788461538461 0.3625 0.006009615384615385 0.029166666666666667
1 0.3016826923076923 0.36666666666666664 0.013221153846153846 0.0375
1 0.1346153846153846 0.36666666666666664 0.02403846153846154 0.07916666666666666
1 0.5685096153846154 0.37083333333333335 0.010817307692307692 0.03333333333333333
1 0.3713942307692308 0.37083333333333335 0.018028846153846152 0.058333333333333334
1 0.5949519230769231 0.37083333333333335 0.021634615384615384 0.0625
1 0.6598557692307693 0.375 0.01201923076923077 0.041666666666666664
1 0.41346153846153844 0.375 0.010817307692307692 0.0375
1 0.3293269230769231 0.37916666666666665 0.02283653846153846 0.058333333333333334
1 0.47115384615384615 0.37916666666666665 0.004807692307692308 0.025
1 0.21995192307692307 0.37916666666666665 0.006009615384615385 0.029166666666666667
1 0.5276442307692307 0.37916666666666665 0.02283653846153846 0.09166666666666666
1 0.8197115384615384 0.37916666666666665 0.030048076923076924 0.09166666666666666
1 0.4495192307692308 0.37916666666666665 0.016826923076923076 0.05416666666666667
1 0.1971153846153846 0.38333333333333336 0.013221153846153846 0.04583333333333333
1 0.21394230769230768 0.38333333333333336 0.006009615384615385 0.020833333333333332
1 0.23557692307692307 0.3875 0.019230769230769232 0.07083333333333333
1 0.42908653846153844 0.3875 0.016826923076923076 0.0625
1 0.4795673076923077 0.39166666666666666 0.009615384615384616 0.03333333333333333
1 0.15865384615384615 0.3958333333333333 0.020432692307692308 0.06666666666666667
1 0.49158653846153844 0.3958333333333333 0.013221153846153846 0.058333333333333334
1 0.17668269230769232 0.3958333333333333 0.018028846153846152 0.05
1 0.2704326923076923 0.3958333333333333 0.004807692307692308 0.016666666666666666
1 0.5540865384615384 0.3958333333333333 0.014423076923076924 0.0375
1 0.6237980769230769 0.4 0.020432692307692308 0.07916666666666666
1 0.5709134615384616 0.4 0.007211538461538462 0.025
1 0.32211538461538464 0.4041666666666667 0.006009615384615385 0.025
1 0.7668269230769231 0.4041666666666667 0.010817307692307692 0.029166666666666667
1 0.3545673076923077 0.4041666666666667 0.02283653846153846 0.07916666666666666
1 0.38461538461538464 0.4041666666666667 0.016826923076923076 0.0625
1 0.2920673076923077 0.4083333333333333 0.014423076923076924 0.04583333333333333
1 0.6959134615384616 0.4125 0.013221153846153846 0.03333333333333333
1 0.7836538461538461 0.4125 0.015625 0.04583333333333333
1 0.3088942307692308 0.4125 0.006009615384615385 0.016666666666666666
1 0.3137019230769231 0.4125 0.006009615384615385 0.025
1 0.25961538461538464 0.4166666666666667 0.016826923076923076 0.05416666666666667
1 0.40625 0.4166666666666667 0.020432692307692308 0.07083333333333333
1 0.796875 0.42083333333333334 0.010817307692307692 0.03333333333333333
1 0.6742788461538461 0.42083333333333334 0.030048076923076924 0.1
1 0.11899038461538461 0.42083333333333334 0.025240384615384616 0.0875
1 0.22596153846153846 0.425 0.010817307692307692 0.04583333333333333
1 0.5889423076923077 0.42916666666666664 0.010817307692307692 0.029166666666666667
1 0.27524038461538464 0.42916666666666664 0.019230769230769232 0.0625
1 0.4675480769230769 0.43333333333333335 0.021634615384615384 0.0875
1 0.7235576923076923 0.43333333333333335 0.019230769230769232 0.05416666666666667
1 0.6057692307692307 0.44166666666666665 0.020432692307692308 0.075
1 0.4483173076923077 0.44166666666666665 0.019230769230769232 0.07083333333333333
1 0.17067307692307693 0.44583333333333336 0.01201923076923077 0.0375
1 0.18269230769230768 0.44583333333333336 0.010817307692307692 0.0375
1 0.33413461538461536 0.44583333333333336 0.020432692307692308 0.058333333333333334
1 0.75 0.45 0.03125 0.10833333333333334
1 0.8052884615384616 0.45416666666666666 0.014423076923076924 0.04583333333333333
1 0.3016826923076923 0.45416666666666666 0.020432692307692308 0.058333333333333334
1 0.37740384615384615 0.45416666666666666 0.015625 0.05
1 0.5012019230769231 0.45416666666666666 0.027644230769230768 0.08333333333333333
2 0.44350961538461536 0.45416666666666666 0.8112980769230769 0.6708333333333333
1 0.6983173076923077 0.45416666666666666 0.015625 0.058333333333333334
1 0.4230769230769231 0.45416666666666666 0.02403846153846154 0.07916666666666666
1 0.828125 0.45416666666666666 0.020432692307692308 0.06666666666666667
1 0.3942307692307692 0.4583333333333333 0.019230769230769232 0.058333333333333334
1 0.5540865384615384 0.4625 0.026442307692307692 0.08333333333333333
1 0.7824519230769231 0.4666666666666667 0.008413461538461538 0.03333333333333333
1 0.20072115384615385 0.4708333333333333 0.018028846153846152 0.07083333333333333
1 0.35096153846153844 0.4708333333333333 0.016826923076923076 0.05416666666666667
1 0.2860576923076923 0.4708333333333333 0.010817307692307692 0.0375
1 0.8485576923076923 0.4708333333333333 0.014423076923076924 0.06666666666666667
1 0.1622596153846154 0.4708333333333333 0.01201923076923077 0.029166666666666667
1 0.6430288461538461 0.475 0.028846153846153848 0.1
1 0.24278846153846154 0.4791666666666667 0.030048076923076924 0.1
1 0.7932692307692307 0.4791666666666667 0.013221153846153846 0.04583333333333333
1 0.3161057692307692 0.4791666666666667 0.013221153846153846 0.05
1 0.13942307692307693 0.4791666666666667 0.03485576923076923 0.10416666666666667
1 0.2247596153846154 0.4791666666666667 0.006009615384615385 0.03333333333333333
1 0.6237980769230769 0.48333333333333334 0.01201923076923077 0.04583333333333333
1 0.4807692307692308 0.48333333333333334 0.019230769230769232 0.07083333333333333
1 0.53125 0.4875 0.021634615384615384 0.07916666666666666
1 0.6694711538461539 0.4875 0.01201923076923077 0.03333333333333333
1 0.8088942307692307 0.4875 0.007211538461538462 0.029166666666666667
1 0.44591346153846156 0.49166666666666664 0.013221153846153846 0.041666666666666664
1 0.7151442307692307 0.49583333333333335 0.020432692307692308 0.075
1 0.4651442307692308 0.49583333333333335 0.003605769230769231 0.016666666666666666
1 0.10576923076923077 0.49583333333333335 0.019230769230769232 0.06666666666666667
1 0.2704326923076923 0.5 0.020432692307692308 0.07083333333333333
1 0.7704326923076923 0.5 0.008413461538461538 0.029166666666666667
1 0.8173076923076923 0.5041666666666667 0.010817307692307692 0.03333333333333333
1 0.28725961538461536 0.5041666666666667 0.008413461538461538 0.025
1 0.34375 0.5041666666666667 0.013221153846153846 0.041666666666666664
1 0.5877403846153846 0.5041666666666667 0.02283653846153846 0.07083333333333333
1 0.7307692307692307 0.5041666666666667 0.01201923076923077 0.0375
1 0.9819711538461539 0.5166666666666667 0.025240384615384616 0.1375
1 0.36778846153846156 0.5166666666666667 0.02403846153846154 0.0875
1 0.1875 0.5166666666666667 0.02403846153846154 0.058333333333333334
1 0.8076923076923077 0.5166666666666667 0.009615384615384616 0.0375
1 0.45913461538461536 0.5208333333333334 0.008413461538461538 0.020833333333333332
1 0.40384615384615385 0.5208333333333334 0.014423076923076924 0.0625
1 0.43028846153846156 0.5208333333333334 0.006009615384615385 0.0375
1 0.6622596153846154 0.5208333333333334 0.016826923076923076 0.0625
1 0.16346153846153846 0.525 0.018028846153846152 0.06666666666666667
1 0.0829326923076923 0.525 0.021634615384615384 0.075
1 0.8533653846153846 0.525 0.015625 0.05416666666666667
1 0.8317307692307693 0.525 0.018028846153846152 0.058333333333333334
1 0.5396634615384616 0.5291666666666667 0.009615384615384616 0.029166666666666667
1 0.5132211538461539 0.5291666666666667 0.019230769230769232 0.058333333333333334
1 0.7632211538461539 0.5291666666666667 0.015625 0.05416666666666667
1 0.6887019230769231 0.5291666666666667 0.025240384615384616 0.08333333333333333
1 0.31850961538461536 0.5333333333333333 0.007211538461538462 0.025
1 0.4387019230769231 0.5333333333333333 0.008413461538461538 0.020833333333333332
1 0.3870192307692308 0.5333333333333333 0.019230769230769232 0.06666666666666667
1 0.125 0.5375 0.007211538461538462 0.029166666666666667
1 0.5649038461538461 0.5375 0.025240384615384616 0.07916666666666666
1 0.22115384615384615 0.5375 0.028846153846153848 0.1
1 0.3293269230769231 0.5416666666666666 0.015625 0.058333333333333334
1 0.4675480769230769 0.5458333333333333 0.016826923076923076 0.04583333333333333
1 0.2860576923076923 0.5458333333333333 0.014423076923076924 0.05
1 0.11538461538461539 0.5458333333333333 0.009615384615384616 0.0375
1 0.7956730769230769 0.55 0.019230769230769232 0.075
1 0.6346153846153846 0.55 0.008413461538461538 0.03333333333333333
1 0.3401442307692308 0.55 0.004807692307692308 0.020833333333333332
1 0.5985576923076923 0.55 0.016826923076923076 0.05
1 0.1346153846153846 0.5541666666666667 0.007211538461538462 0.025
1 0.14543269230769232 0.5541666666666667 0.009615384615384616 0.03333333333333333
1 0.5348557692307693 0.5541666666666667 0.008413461538461538 0.025
1 0.6177884615384616 0.5541666666666667 0.021634615384615384 0.0625
1 0.7163461538461539 0.5541666666666667 0.013221153846153846 0.0375
1 0.34975961538461536 0.5583333333333333 0.010817307692307692 0.041666666666666664
1 0.484375 0.5625 0.019230769230769232 0.06666666666666667
1 0.31850961538461536 0.5666666666666667 0.008413461538461538 0.020833333333333332
1 0.5276442307692307 0.5666666666666667 0.006009615384615385 0.020833333333333332
1 0.6502403846153846 0.5666666666666667 0.018028846153846152 0.058333333333333334
1 0.18990384615384615 0.5666666666666667 0.01201923076923077 0.041666666666666664
1 0.25841346153846156 0.5708333333333333 0.018028846153846152 0.07083333333333333
1 0.8185096153846154 0.5708333333333333 0.021634615384615384 0.09166666666666666
1 0.20192307692307693 0.5708333333333333 0.007211538461538462 0.03333333333333333
1 0.41947115384615385 0.575 0.027644230769230768 0.1
1 0.10336538461538461 0.575 0.013221153846153846 0.05416666666666667
1 0.3112980769230769 0.05416666666666667 0.013221153846153846 0.041666666666666664
1 0.7355769230769231 0.5791666666666667 0.02283653846153846 0.075
1 0.35336538461538464 0.5791666666666667 0.008413461538461538 0.025
1 0.8786057692307693 0.5791666666666667 0.038461538461538464 0.14166666666666666
1 0.12740384615384615 0.5833333333333334 0.01201923076923077 0.03333333333333333
1 0.5480769230769231 0.5833333333333334 0.015625 0.05416666666666667
1 0.4987980769230769 0.5833333333333334 0.006009615384615385 0.020833333333333332
1 0.5180288461538461 0.5833333333333334 0.006009615384615385 0.025
1 0.40024038461538464 0.5875 0.009615384615384616 0.03333333333333333
1 0.27403846153846156 0.5875 0.015625 0.05416666666666667
1 0.5336538461538461 0.5875 0.006009615384615385 0.016666666666666666
1 0.140625 0.5916666666666667 0.015625 0.041666666666666664
1 0.4495192307692308 0.5916666666666667 0.025240384615384616 0.08333333333333333
1 0.21153846153846154 0.5958333333333333 0.006009615384615385 0.025
1 0.5673076923076923 0.5958333333333333 0.010817307692307692 0.03333333333333333
1 0.484375 0.6 0.008413461538461538 0.025
1 0.8317307692307693 0.6 0.013221153846153846 0.0375
1 0.6706730769230769 0.6 0.025240384615384616 0.09166666666666666
1 0.5096153846153846 0.6041666666666666 0.014423076923076924 0.05
1 0.7776442307692307 0.6041666666666666 0.019230769230769232 0.07916666666666666
1 0.5973557692307693 0.6041666666666666 0.015625 0.04583333333333333
1 0.4699519230769231 0.6083333333333333 0.010817307692307692 0.041666666666666664
1 0.0829326923076923 0.6125 0.026442307692307692 0.07916666666666666
1 0.22956730769230768 0.6125 0.008413461538461538 0.025
1 0.19591346153846154 0.6125 0.013221153846153846 0.05
1 0.3016826923076923 0.6125 0.021634615384615384 0.07916666666666666
1 0.6370192307692307 0.6125 0.020432692307692308 0.09583333333333334
1 0.8040865384615384 0.6166666666666667 0.014423076923076924 0.058333333333333334
1 0.96875 0.6166666666666667 0.026442307692307692 0.11666666666666667
1 0.5276442307692307 0.6166666666666667 0.013221153846153846 0.0375
1 0.3870192307692308 0.6208333333333333 0.019230769230769232 0.0625
1 0.8521634615384616 0.6208333333333333 0.016826923076923076 0.10416666666666667
1 0.8401442307692307 0.6208333333333333 0.010817307692307692 0.05
1 0.7548076923076923 0.6208333333333333 0.02283653846153846 0.075
1 0.6959134615384616 0.625 0.02403846153846154 0.09166666666666666
1 0.11538461538461539 0.625 0.016826923076923076 0.058333333333333334
1 0.33533653846153844 0.625 0.036057692307692304 0.10833333333333334
1 0.21995192307692307 0.625 0.015625 0.05
1 0.4831730769230769 0.6291666666666667 0.006009615384615385 0.029166666666666667
1 0.5432692307692307 0.6375 0.010817307692307692 0.041666666666666664
1 0.1658653846153846 0.6416666666666667 0.03125 0.1
1 0.5853365384615384 0.6416666666666667 0.018028846153846152 0.058333333333333334
1 0.5552884615384616 0.6416666666666667 0.009615384615384616 0.0375
1 0.6129807692307693 0.6416666666666667 0.019230769230769232 0.07083333333333333
1 0.49158653846153844 0.6416666666666667 0.007211538461538462 0.029166666666666667
1 0.3629807692307692 0.6458333333333334 0.02283653846153846 0.07083333333333333
1 0.5685096153846154 0.6458333333333334 0.009615384615384616 0.0375
1 0.265625 0.6458333333333334 0.015625 0.06666666666666667
1 0.5084134615384616 0.6458333333333334 0.007211538461538462 0.025
1 0.18629807692307693 0.65 0.006009615384615385 0.025
1 0.23918269230769232 0.65 0.025240384615384616 0.09583333333333334
1 0.8233173076923077 0.6541666666666667 0.02403846153846154 0.075
1 0.28725961538461536 0.6583333333333333 0.008413461538461538 0.03333333333333333
1 0.5180288461538461 0.6583333333333333 0.006009615384615385 0.025
1 0.8701923076923077 0.6625 0.008413461538461538 0.041666666666666664
1 0.5264423076923077 0.6625 0.009615384615384616 0.0375
1 0.5336538461538461 0.6666666666666666 0.004807692307692308 0.025
1 0.4855769230769231 0.6666666666666666 0.014423076923076924 0.04583333333333333
1 0.3942307692307692 0.675 0.013221153846153846 0.03333333333333333
1 0.42908653846153844 0.675 0.042067307692307696 0.12916666666666668
1 0.1971153846153846 0.675 0.009615384615384616 0.029166666666666667
1 0.09735576923076923 0.675 0.02283653846153846 0.0875
1 0.5757211538461539 0.675 0.014423076923076924 0.05
1 0.796875 0.6791666666666667 0.02403846153846154 0.1
1 0.5480769230769231 0.6833333333333333 0.013221153846153846 0.04583333333333333
1 0.8882211538461539 0.6833333333333333 0.03245192307692308 0.09166666666666666
1 0.13701923076923078 0.6833333333333333 0.036057692307692304 0.1125
1 0.18028846153846154 0.6833333333333333 0.013221153846153846 0.05
1 0.7391826923076923 0.6875 0.021634615384615384 0.07916666666666666
1 0.5985576923076923 0.6916666666666667 0.014423076923076924 0.058333333333333334
1 0.6550480769230769 0.6916666666666667 0.025240384615384616 0.07916666666666666
1 0.9495192307692307 0.6916666666666667 0.03485576923076923 0.10416666666666667
1 0.8413461538461539 0.6958333333333333 0.02283653846153846 0.08333333333333333
1 0.9831730769230769 0.6958333333333333 0.025240384615384616 0.07916666666666666
1 0.3762019230769231 0.7 0.010817307692307692 0.05
1 0.28365384615384615 0.7 0.010817307692307692 0.0375
1 0.3401442307692308 0.7 0.018028846153846152 0.04583333333333333
1 0.7668269230769231 0.7041666666666667 0.030048076923076924 0.08333333333333333
1 0.06370192307692307 0.7041666666666667 0.046875 0.14583333333333334
1 0.8629807692307693 0.7083333333333334 0.021634615384615384 0.075
1 0.35096153846153844 0.07083333333333333 0.015625 0.05416666666666667
1 0.3581730769230769 0.7125 0.01201923076923077 0.04583333333333333
1 0.40384615384615385 0.7125 0.018028846153846152 0.058333333333333334
1 0.21754807692307693 0.7166666666666667 0.03365384615384615 0.10833333333333334
1 0.46875 0.7166666666666667 0.021634615384615384 0.0625
1 0.49759615384615385 0.7166666666666667 0.018028846153846152 0.0625
1 0.36778846153846156 0.7208333333333333 0.01201923076923077 0.041666666666666664
1 0.38822115384615385 0.7208333333333333 0.013221153846153846 0.05416666666666667
1 0.25 0.7208333333333333 0.027644230769230768 0.09166666666666666
1 0.3137019230769231 0.7291666666666666 0.014423076923076924 0.058333333333333334
1 0.5877403846153846 0.7375 0.02283653846153846 0.058333333333333334
1 0.27283653846153844 0.7375 0.015625 0.05416666666666667
1 0.18870192307692307 0.7416666666666667 0.014423076923076924 0.04583333333333333
1 0.11057692307692307 0.7458333333333333 0.027644230769230768 0.07916666666666666
1 0.42908653846153844 0.075 0.008413461538461538 0.029166666666666667
1 0.16466346153846154 0.7625 0.026442307692307692 0.0875
1 0.14423076923076922 0.7666666666666667 0.02283653846153846 0.05416666666666667
1 0.5420673076923077 0.075 0.010817307692307692 0.041666666666666664
1 0.296875 0.07916666666666666 0.007211538461538462 0.020833333333333332
1 0.33413461538461536 0.07916666666666666 0.013221153846153846 0.05416666666666667
1 0.31850961538461536 0.0875 0.013221153846153846 0.04583333333333333
1 0.6177884615384616 0.0875 0.01201923076923077 0.0375
1 0.6610576923076923 0.0875 0.015625 0.05416666666666667
1 0.4879807692307692 0.0875 0.019230769230769232 0.058333333333333334
1 0.6826923076923077 0.0875 0.036057692307692304 0.09583333333333334
1 0.5889423076923077 0.09166666666666666 0.004807692307692308 0.025
1 0.4723557692307692 0.09166666666666666 0.007211538461538462 0.029166666666666667
1 0.3076923076923077 0.09583333333333334 0.009615384615384616 0.041666666666666664
1 0.36658653846153844 0.09583333333333334 0.013221153846153846 0.04583333333333333
1 0.38341346153846156 0.09583333333333334 0.019230769230769232 0.06666666666666667
1 0.2800480769230769 0.09583333333333334 0.021634615384615384 0.075
1 0.7259615384615384 0.09583333333333334 0.028846153846153848 0.10416666666666667
1 0.43990384615384615 0.09583333333333334 0.009615384615384616 0.020833333333333332
1 0.41466346153846156 0.1 0.010817307692307692 0.0375
1 0.5096153846153846 0.1 0.015625 0.04583333333333333
1 0.5516826923076923 0.10416666666666667 0.009615384615384616 0.03333333333333333
1 0.5300480769230769 0.10833333333333334 0.014423076923076924 0.041666666666666664
1 0.6009615384615384 0.10833333333333334 0.014423076923076924 0.0625
1 0.5757211538461539 0.11666666666666667 0.01201923076923077 0.0375
1 0.4254807692307692 0.11666666666666667 0.01201923076923077 0.04583333333333333
1 0.7584134615384616 0.12083333333333333 0.027644230769230768 0.09166666666666666
1 0.3557692307692308 0.12916666666666668 0.015625 0.05416666666666667
1 0.43990384615384615 0.12916666666666668 0.006009615384615385 0.03333333333333333
1 0.6322115384615384 0.12916666666666668 0.014423076923076924 0.058333333333333334
1 0.296875 0.12916666666666668 0.013221153846153846 0.05416666666666667
1 0.3401442307692308 0.12916666666666668 0.014423076923076924 0.05416666666666667
1 0.5841346153846154 0.12916666666666668 0.015625 0.05
1 0.5600961538461539 0.1375 0.01201923076923077 0.04583333333333333
1 0.6141826923076923 0.1375 0.014423076923076924 0.04583333333333333
1 0.5444711538461539 0.1375 0.014423076923076924 0.05416666666666667
1 0.6610576923076923 0.1375 0.007211538461538462 0.025
1 0.4483173076923077 0.14166666666666666 0.008413461538461538 0.025
1 0.4326923076923077 0.14166666666666666 0.010817307692307692 0.04583333333333333
1 0.6983173076923077 0.14166666666666666 0.013221153846153846 0.041666666666666664
1 0.36899038461538464 0.14583333333333334 0.016826923076923076 0.05416666666666667
1 0.4050480769230769 0.14583333333333334 0.013221153846153846 0.058333333333333334
1 0.6466346153846154 0.15 0.018028846153846152 0.0625
1 0.41947115384615385 0.15 0.014423076923076924 0.04583333333333333
1 0.3137019230769231 0.15416666666666667 0.014423076923076924 0.05
1 0.6730769230769231 0.15416666666666667 0.009615384615384616 0.03333333333333333
1 0.7391826923076923 0.15416666666666667 0.008413461538461538 0.0375
1 0.25961538461538464 0.15833333333333333 0.036057692307692304 0.125
1 0.6875 0.15833333333333333 0.013221153846153846 0.05
1 0.5252403846153846 0.1625 0.021634615384615384 0.075
1 0.390625 0.1625 0.01201923076923077 0.04583333333333333
1 0.4735576923076923 0.17083333333333334 0.027644230769230768 0.1
1 0.5721153846153846 0.175 0.014423076923076924 0.041666666666666664
1 0.7295673076923077 0.175 0.010817307692307692 0.04583333333333333
1 0.4987980769230769 0.17916666666666667 0.025240384615384616 0.09166666666666666
1 0.28365384615384615 0.18333333333333332 0.015625 0.05416666666666667
1 0.6298076923076923 0.1875 0.02283653846153846 0.075
1 0.5540865384615384 0.19166666666666668 0.02283653846153846 0.08333333333333333
1 0.30288461538461536 0.19166666666666668 0.009615384615384616 0.029166666666666667
1 0.7704326923076923 0.19583333333333333 0.02403846153846154 0.07083333333333333
1 0.38221153846153844 0.19583333333333333 0.007211538461538462 0.025
1 0.7211538461538461 0.19583333333333333 0.01201923076923077 0.03333333333333333
1 0.6009615384615384 0.2 0.030048076923076924 0.10833333333333334
1 0.3233173076923077 0.2 0.01201923076923077 0.0375
1 0.4423076923076923 0.20416666666666666 0.021634615384615384 0.07916666666666666
1 0.22355769230769232 0.20416666666666666 0.014423076923076924 0.05
1 0.6622596153846154 0.20833333333333334 0.027644230769230768 0.09583333333333334
1 0.7055288461538461 0.20833333333333334 0.016826923076923076 0.0625
1 0.3125 0.2125 0.009615384615384616 0.041666666666666664
1 0.40384615384615385 0.21666666666666667 0.010817307692307692 0.0375
1 0.7355769230769231 0.21666666666666667 0.004807692307692308 0.020833333333333332
1 0.34615384615384615 0.22083333333333333 0.036057692307692304 0.12916666666666668
1 0.7451923076923077 0.22083333333333333 0.006009615384615385 0.025
1 0.6201923076923077 0.22916666666666666 0.006009615384615385 0.029166666666666667
1 0.3016826923076923 0.22916666666666666 0.01201923076923077 0.0375
1 0.4254807692307692 0.23333333333333334 0.015625 0.05
1 0.5733173076923077 0.23333333333333334 0.021634615384615384 0.075
1 0.734375 0.23333333333333334 0.006009615384615385 0.020833333333333332
1 0.7524038461538461 0.2375 0.006009615384615385 0.025
1 0.23798076923076922 0.24166666666666667 0.015625 0.058333333333333334
1 0.2776442307692308 0.24166666666666667 0.019230769230769232 0.06666666666666667
1 0.5048076923076923 0.24583333333333332 0.009615384615384616 0.029166666666666667
1 0.6418269230769231 0.24583333333333332 0.019230769230769232 0.0625
1 0.203125 0.25 0.020432692307692308 0.07916666666666666
1 0.2608173076923077 0.25416666666666665 0.008413461538461538 0.025
1 0.71875 0.25833333333333336 0.030048076923076924 0.09583333333333334
1 0.7463942307692307 0.25833333333333336 0.006009615384615385 0.025
1 0.7379807692307693 0.25833333333333336 0.007211538461538462 0.025
1 0.4074519230769231 0.26666666666666666 0.013221153846153846 0.0375
1 0.5324519230769231 0.26666666666666666 0.036057692307692304 0.11666666666666667
1 0.24639423076923078 0.26666666666666666 0.006009615384615385 0.029166666666666667
1 0.6862980769230769 0.26666666666666666 0.03365384615384615 0.10833333333333334
1 0.38461538461538464 0.2708333333333333 0.03125 0.1125
1 0.6586538461538461 0.2708333333333333 0.013221153846153846 0.03333333333333333
1 0.1814903846153846 0.275 0.02283653846153846 0.09166666666666666
1 0.22235576923076922 0.275 0.016826923076923076 0.058333333333333334
1 0.7548076923076923 0.2791666666666667 0.006009615384615385 0.029166666666666667
1 0.2932692307692308 0.2791666666666667 0.015625 0.058333333333333334
1 0.4579326923076923 0.2791666666666667 0.016826923076923076 0.058333333333333334
1 0.48677884615384615 0.2791666666666667 0.030048076923076924 0.0875
1 0.78125 0.2791666666666667 0.02283653846153846 0.07083333333333333
1 0.5564903846153846 0.2833333333333333 0.016826923076923076 0.05416666666666667
1 0.43509615384615385 0.2833333333333333 0.02283653846153846 0.075
1 0.2620192307692308 0.2875 0.004807692307692308 0.020833333333333332
1 0.8088942307692307 0.2916666666666667 0.013221153846153846 0.04583333333333333
1 0.31971153846153844 0.2916666666666667 0.03245192307692308 0.10833333333333334
1 0.23798076923076922 0.29583333333333334 0.014423076923076924 0.04583333333333333