1 0.7764423076923077 0.29120879120879123 0.03125 0.07142857142857142
1 0.4519230769230769 0.3021978021978022 0.039663461538461536 0.07142857142857142
1 0.6213942307692307 0.3076923076923077 0.037259615384615384 0.07142857142857142
1 0.12620192307692307 0.31043956043956045 0.010817307692307692 0.024725274725274724
1 0.6814903846153846 0.31043956043956045 0.039663461538461536 0.07967032967032966
1 0.5865384615384616 0.31868131868131866 0.028846153846153848 0.06318681318681318
1 0.06610576923076923 0.31868131868131866 0.01201923076923077 0.027472527472527472
1 0.3762019230769231 0.32142857142857145 0.02283653846153846 0.057692307692307696
1 0.3485576923076923 0.3241758241758242 0.03485576923076923 0.08516483516483517
1 0.296875 0.3269230769230769 0.030048076923076924 0.08791208791208792
1 0.40865384615384615 0.33516483516483514 0.04326923076923077 0.08516483516483517
1 0.039663461538461536 0.33791208791208793 0.016826923076923076 0.03571428571428571
1 0.49278846153846156 0.33791208791208793 0.039663461538461536 0.08791208791208792
1 0.07932692307692307 0.33791208791208793 0.013221153846153846 0.03021978021978022
1 0.16466346153846154 0.34065934065934067 0.018028846153846152 0.038461538461538464
1 0.0985576923076923 0.3434065934065934 0.021634615384615384 0.04945054945054945
1 0.7415865384615384 0.3434065934065934 0.03485576923076923 0.07692307692307693
1 0.5432692307692307 0.34615384615384615 0.036057692307692304 0.07967032967032966
1 0.018028846153846152 0.34615384615384615 0.015625 0.03571428571428571
1 0.13221153846153846 0.34615384615384615 0.02283653846153846 0.04395604395604396
1 0.7103365384615384 0.3489010989010989 0.028846153846153848 0.06593406593406594
1 0.23557692307692307 0.3489010989010989 0.030048076923076924 0.06868131868131869
1 0.18990384615384615 0.3489010989010989 0.03485576923076923 0.07692307692307693
1 0.06370192307692307 0.3489010989010989 0.01201923076923077 0.027472527472527472
1 0.7776442307692307 0.35714285714285715 0.02403846153846154 0.057692307692307696
1 0.6478365384615384 0.3598901098901099 0.03245192307692308 0.07692307692307693
1 0.11899038461538461 0.3708791208791209 0.019230769230769232 0.04120879120879121
1 0.265625 0.3708791208791209 0.028846153846153848 0.07142857142857142
1 0.6117788461538461 0.3791208791208791 0.036057692307692304 0.06593406593406594
1 0.046875 0.3791208791208791 0.02283653846153846 0.04120879120879121
1 0.13822115384615385 0.3791208791208791 0.01201923076923077 0.03021978021978022
1 0.15504807692307693 0.38186813186813184 0.015625 0.04120879120879121
1 0.009615384615384616 0.38186813186813184 0.019230769230769232 0.0521978021978022
1 0.44350961538461536 0.38461538461538464 0.027644230769230768 0.06868131868131869
2 0.4723557692307692 0.38461538461538464 0.8846153846153846 0.6291208791208791
1 0.06971153846153846 0.3873626373626374 0.018028846153846152 0.04395604395604396
1 0.3269230769230769 0.3873626373626374 0.030048076923076924 0.07142857142857142
1 0.5685096153846154 0.3956043956043956 0.039663461538461536 0.08516483516483517
1 0.5180288461538461 0.3956043956043956 0.026442307692307692 0.06043956043956044
1 0.14302884615384615 0.4010989010989011 0.013221153846153846 0.027472527472527472
1 0.09014423076923077 0.4010989010989011 0.01201923076923077 0.027472527472527472
1 0.6826923076923077 0.4010989010989011 0.042067307692307696 0.08241758241758242
1 0.3737980769230769 0.4010989010989011 0.042067307692307696 0.10164835164835165
1 0.7584134615384616 0.4010989010989011 0.027644230769230768 0.06593406593406594
1 0.8028846153846154 0.40384615384615385 0.03245192307692308 0.09615384615384616
1 0.12860576923076922 0.4065934065934066 0.015625 0.03021978021978022
1 0.17548076923076922 0.4065934065934066 0.02283653846153846 0.057692307692307696
1 0.027644230769230768 0.40934065934065933 0.010817307692307692 0.027472527472527472
1 0.1045673076923077 0.40934065934065933 0.019230769230769232 0.04395604395604396
1 0.2956730769230769 0.41208791208791207 0.03125 0.06318681318681318
1 0.22716346153846154 0.4175824175824176 0.027644230769230768 0.06318681318681318
1 0.4699519230769231 0.42032967032967034 0.03485576923076923 0.07142857142857142
1 0.6310096153846154 0.42032967032967034 0.026442307692307692 0.057692307692307696
1 0.06490384615384616 0.42032967032967034 0.009615384615384616 0.019230769230769232
1 0.7247596153846154 0.4258241758241758 0.03485576923076923 0.08241758241758242
1 0.08533653846153846 0.4258241758241758 0.013221153846153846 0.024725274725274724
1 0.039663461538461536 0.4258241758241758 0.013221153846153846 0.03021978021978022
1 0.41225961538461536 0.4258241758241758 0.038461538461538464 0.09615384615384616
1 0.007211538461538462 0.4258241758241758 0.014423076923076924 0.046703296703296704
1 0.14182692307692307 0.42857142857142855 0.009615384615384616 0.02197802197802198
1 0.07451923076923077 0.42857142857142855 0.01201923076923077 0.02197802197802198
1 0.11658653846153846 0.4368131868131868 0.015625 0.027472527472527472
1 0.06009615384615385 0.4423076923076923 0.013221153846153846 0.024725274725274724
1 0.8245192307692307 0.44505494505494503 0.021634615384615384 0.0521978021978022
1 0.546875 0.4478021978021978 0.030048076923076924 0.07692307692307693
1 0.028846153846153848 0.45054945054945056 0.018028846153846152 0.0521978021978022
1 0.5997596153846154 0.45054945054945056 0.03245192307692308 0.07967032967032966
1 0.2608173076923077 0.45054945054945056 0.037259615384615384 0.08791208791208792
1 0.10576923076923077 0.4532967032967033 0.010817307692307692 0.027472527472527472
1 0.04567307692307692 0.4532967032967033 0.013221153846153846 0.024725274725274724
1 0.34375 0.4532967032967033 0.030048076923076924 0.06043956043956044
1 0.008413461538461538 0.45604395604395603 0.016826923076923076 0.04120879120879121
1 0.08653846153846154 0.45604395604395603 0.016826923076923076 0.03296703296703297
1 0.15625 0.46153846153846156 0.03245192307692308 0.08241758241758242
1 0.19230769230769232 0.4642857142857143 0.037259615384615384 0.06318681318681318
1 0.06490384615384616 0.4642857142857143 0.019230769230769232 0.03571428571428571
1 0.6526442307692307 0.4697802197802198 0.040865384615384616 0.07967032967032966
1 0.5132211538461539 0.4697802197802198 0.040865384615384616 0.08241758241758242
1 0.7740384615384616 0.4697802197802198 0.03245192307692308 0.08241758241758242
1 0.30528846153846156 0.4807692307692308 0.036057692307692304 0.07142857142857142
1 0.09254807692307693 0.4835164835164835 0.021634615384615384 0.04120879120879121
1 0.3786057692307692 0.489010989010989 0.03125 0.07417582417582418
1 0.8016826923076923 0.489010989010989 0.02283653846153846 0.057692307692307696
1 0.6899038461538461 0.49175824175824173 0.03485576923076923 0.09065934065934066
1 0.7211538461538461 0.49175824175824173 0.02403846153846154 0.0521978021978022
1 0.04927884615384615 0.49175824175824173 0.021634615384615384 0.038461538461538464
1 0.021634615384615384 0.4945054945054945 0.016826923076923076 0.046703296703296704
1 0.23076923076923078 0.4945054945054945 0.03485576923076923 0.07417582417582418
1 0.5685096153846154 0.49725274725274726 0.04326923076923077 0.08516483516483517
1 0.12259615384615384 0.49725274725274726 0.027644230769230768 0.07692307692307693
1 0.47596153846153844 0.49725274725274726 0.03485576923076923 0.07967032967032966
1 0.43509615384615385 0.5082417582417582 0.046875 0.1043956043956044
1 0.6274038461538461 0.5137362637362637 0.037259615384615384 0.07142857142857142
1 0.8401442307692307 0.5164835164835165 0.030048076923076924 0.07692307692307693
1 0.08173076923076923 0.521978021978022 0.020432692307692308 0.038461538461538464
1 0.038461538461538464 0.5274725274725275 0.016826923076923076 0.03296703296703297
1 0.2776442307692308 0.5274725274725275 0.030048076923076924 0.07417582417582418
1 0.75 0.5274725274725275 0.037259615384615384 0.07417582417582418
1 0.34615384615384615 0.5302197802197802 0.037259615384615384 0.08241758241758242
1 0.203125 0.532967032967033 0.03245192307692308 0.07417582417582418
1 0.06850961538461539 0.5357142857142857 0.021634615384615384 0.038461538461538464
1 0.15144230769230768 0.5384615384615384 0.028846153846153848 0.06868131868131869
1 0.5276442307692307 0.5439560439560439 0.03125 0.06318681318681318
1 0.019230769230769232 0.5439560439560439 0.02283653846153846 0.046703296703296704
1 0.09615384615384616 0.5494505494505495 0.03245192307692308 0.06593406593406594
1 0.8100961538461539 0.5521978021978022 0.028846153846153848 0.057692307692307696
1 0.7740384615384616 0.5521978021978022 0.02403846153846154 0.04120879120879121
1 0.6598557692307693 0.5521978021978022 0.042067307692307696 0.08516483516483517
1 0.7091346153846154 0.554945054945055 0.042067307692307696 0.07417582417582418
1 0.59375 0.5576923076923077 0.02283653846153846 0.057692307692307696
1 0.04927884615384615 0.5576923076923077 0.016826923076923076 0.03296703296703297
1 0.24639423076923078 0.5604395604395604 0.025240384615384616 0.054945054945054944
1 0.46153846153846156 0.5631868131868132 0.025240384615384616 0.0521978021978022
1 0.5564903846153846 0.5686813186813187 0.02403846153846154 0.057692307692307696
1 0.38221153846153844 0.5686813186813187 0.028846153846153848 0.06593406593406594
1 0.3125 0.5714285714285714 0.03485576923076923 0.07967032967032966
1 0.1778846153846154 0.5769230769230769 0.03245192307692308 0.08791208791208792
0 0.484375 0.5824175824175825 0.009615384615384616 0.22252747252747251
1 0.41586538461538464 0.5824175824175825 0.03125 0.07967032967032966
1 0.4891826923076923 0.5851648351648352 0.036057692307692304 0.09340659340659341
1 0.06850961538461539 0.5851648351648352 0.03125 0.06318681318681318
1 0.6177884615384616 0.5879120879120879 0.03125 0.07142857142857142
1 0.010817307692307692 0.5879120879120879 0.013221153846153846 0.03296703296703297
1 0.04447115384615385 0.5879120879120879 0.015625 0.03296703296703297
1 0.2668269230769231 0.5934065934065934 0.028846153846153848 0.0521978021978022
1 0.7920673076923077 0.5934065934065934 0.03125 0.057692307692307696
1 0.027644230769230768 0.5989010989010989 0.013221153846153846 0.027472527472527472
1 0.84375 0.5989010989010989 0.037259615384615384 0.07417582417582418
1 0.22355769230769232 0.5989010989010989 0.03485576923076923 0.08791208791208792
1 0.12379807692307693 0.6016483516483516 0.039663461538461536 0.08241758241758242
1 0.5360576923076923 0.6043956043956044 0.027644230769230768 0.0521978021978022
1 0.35216346153846156 0.6043956043956044 0.03125 0.06593406593406594
1 0.8798076923076923 0.6043956043956044 0.03485576923076923 0.07692307692307693
1 0.7572115384615384 0.6071428571428571 0.03245192307692308 0.07692307692307693
1 0.5757211538461539 0.6126373626373627 0.03245192307692308 0.07967032967032966
1 0.4495192307692308 0.6208791208791209 0.025240384615384616 0.054945054945054944
1 0.7259615384615384 0.6236263736263736 0.025240384615384616 0.057692307692307696
1 0.6850961538461539 0.6263736263736264 0.03485576923076923 0.07692307692307693
1 0.6442307692307693 0.6401098901098901 0.038461538461538464 0.08516483516483517
1 0.05048076923076923 0.6428571428571429 0.03365384615384615 0.06593406593406594
1 0.390625 0.6428571428571429 0.046875 0.08516483516483517
1 0.15144230769230768 0.6428571428571429 0.03485576923076923 0.07967032967032966
1 0.28725961538461536 0.6456043956043956 0.036057692307692304 0.07967032967032966
1 0.2512019230769231 0.6483516483516484 0.03485576923076923 0.06593406593406594
1 0.5108173076923077 0.6483516483516484 0.03365384615384615 0.07417582417582418
1 0.32572115384615385 0.6483516483516484 0.03365384615384615 0.07417582417582418
1 0.8173076923076923 0.6510989010989011 0.03485576923076923 0.08516483516483517
1 0.09014423076923077 0.6510989010989011 0.037259615384615384 0.057692307692307696
1 0.43149038461538464 0.6510989010989011 0.036057692307692304 0.06318681318681318
1 0.19110576923076922 0.6538461538461539 0.030048076923076924 0.06868131868131869
1 0.6021634615384616 0.6538461538461539 0.027644230769230768 0.06318681318681318
1 0.8978365384615384 0.6538461538461539 0.026442307692307692 0.054945054945054944
1 0.7800480769230769 0.6565934065934066 0.026442307692307692 0.06593406593406594
1 0.4795673076923077 0.6593406593406593 0.030048076923076924 0.06043956043956044
1 0.5516826923076923 0.6620879120879121 0.03245192307692308 0.06043956043956044
1 0.8605769230769231 0.6675824175824175 0.03125 0.06043956043956044
1 0.7091346153846154 0.6703296703296703 0.02403846153846154 0.04945054945054945
1 0.7403846153846154 0.6758241758241759 0.018028846153846152 0.04120879120879121
1 0.6947115384615384 0.11538461538461539 0.03245192307692308 0.07692307692307693
1 0.48677884615384615 0.14285714285714285 0.037259615384615384 0.07417582417582418
1 0.6081730769230769 0.15384615384615385 0.03365384615384615 0.07142857142857142
1 0.30649038461538464 0.15934065934065933 0.030048076923076924 0.06868131868131869
1 0.6658653846153846 0.1620879120879121 0.03485576923076923 0.07692307692307693
1 0.7307692307692307 0.17032967032967034 0.036057692307692304 0.07967032967032966
1 0.5504807692307693 0.17032967032967034 0.030048076923076924 0.07142857142857142
1 0.5192307692307693 0.17582417582417584 0.027644230769230768 0.06043956043956044
1 0.4423076923076923 0.17857142857142858 0.03485576923076923 0.07967032967032966
1 0.33653846153846156 0.1813186813186813 0.027644230769230768 0.06318681318681318
1 0.7055288461538461 0.21153846153846154 0.03125 0.07692307692307693
1 0.390625 0.21703296703296704 0.020432692307692308 0.06043956043956044
1 0.29086538461538464 0.22252747252747251 0.028846153846153848 0.07142857142857142
1 0.7596153846153846 0.22802197802197802 0.03245192307692308 0.07967032967032966
1 0.6394230769230769 0.22802197802197802 0.04326923076923077 0.09065934065934066
1 0.4807692307692308 0.23351648351648352 0.04807692307692308 0.10714285714285714
1 0.6742788461538461 0.23901098901098902 0.02403846153846154 0.06318681318681318
1 0.4206730769230769 0.24725274725274726 0.040865384615384616 0.08516483516483517
1 0.36658653846153844 0.25274725274725274 0.037259615384615384 0.07142857142857142
1 0.5997596153846154 0.25274725274725274 0.03125 0.06868131868131869
1 0.3269230769230769 0.25824175824175827 0.03485576923076923 0.09615384615384616
1 0.5637019230769231 0.260989010989011 0.027644230769230768 0.09340659340659341
1 0.7247596153846154 0.27197802197802196 0.028846153846153848 0.06043956043956044
1 0.5228365384615384 0.2774725274725275 0.038461538461538464 0.09340659340659341
1 0.25721153846153844 0.28296703296703296 0.04447115384615385 0.09615384615384616