1 0.49278846153846156 0.6105769230769231 0.057692307692307696 0.07692307692307693
1 0.41947115384615385 0.6137820512820513 0.056490384615384616 0.07692307692307693
1 0.6574519230769231 0.6378205128205128 0.08653846153846154 0.10897435897435898
1 0.3004807692307692 0.6730769230769231 0.09615384615384616 0.11858974358974358
1 0.5865384615384616 0.6746794871794872 0.06370192307692307 0.08814102564102565
0 0.43149038461538464 0.6875 0.021634615384615384 0.3525641025641026
1 0.37740384615384615 0.6891025641025641 0.0625 0.07532051282051282
1 0.4423076923076923 0.6891025641025641 0.06370192307692307 0.07852564102564102
1 0.5168269230769231 0.6971153846153846 0.07211538461538461 0.10416666666666667
2 0.48197115384615385 0.717948717948718 0.6646634615384616 0.3076923076923077
1 0.6875 0.7259615384615384 0.056490384615384616 0.08493589743589744
1 0.6274038461538461 0.7387820512820513 0.06370192307692307 0.10576923076923077
1 0.24879807692307693 0.7564102564102564 0.08413461538461539 0.10256410256410256
1 0.5625 0.7612179487179487 0.0625 0.07852564102564102
1 0.40384615384615385 0.7660256410256411 0.06610576923076923 0.07532051282051282
1 0.33653846153846156 0.7676282051282052 0.0673076923076923 0.08974358974358974
1 0.4795673076923077 0.7676282051282052 0.06129807692307692 0.08333333333333333
1 0.7211538461538461 0.8092948717948718 0.051682692307692304 0.09294871794871795
1 0.5877403846153846 0.8205128205128205 0.06370192307692307 0.07051282051282051
1 0.4326923076923077 0.8253205128205128 0.06610576923076923 0.07532051282051282
1 0.1971153846153846 0.8269230769230769 0.078125 0.06891025641025642
1 0.5252403846153846 0.8269230769230769 0.06009615384615385 0.05448717948717949
1 0.6586538461538461 0.8285256410256411 0.0733173076923077 0.0625
1 0.2848557692307692 0.8333333333333334 0.06610576923076923 0.07051282051282051
1 0.359375 0.8365384615384616 0.05889423076923077 0.06570512820512821
1 0.7776442307692307 0.8413461538461539 0.052884615384615384 0.049679487179487176