1 0.921875 0.6362179487179487 0.052884615384615384 0.07532051282051282
1 0.859375 0.6442307692307693 0.055288461538461536 0.07532051282051282
1 0.890625 0.5673076923076923 0.056490384615384616 0.07051282051282051
1 0.8653846153846154 0.4983974358974359 0.06971153846153846 0.08814102564102565
1 0.8185096153846154 0.5833333333333334 0.0673076923076923 0.09134615384615384
1 0.7560096153846154 0.6458333333333334 0.078125 0.09455128205128205
1 0.7596153846153846 0.5592948717948718 0.054086538461538464 0.07532051282051282
1 0.8028846153846154 0.5080128205128205 0.051682692307692304 0.08493589743589744
1 0.7475961538461539 0.49198717948717946 0.056490384615384616 0.07211538461538461
1 0.7463942307692307 0.3926282051282051 0.08052884615384616 0.10416666666666667
1 0.6923076923076923 0.5128205128205128 0.054086538461538464 0.07532051282051282
1 0.6971153846153846 0.5977564102564102 0.06490384615384616 0.08493589743589744
1 0.6454326923076923 0.6522435897435898 0.07211538461538461 0.08814102564102565
1 0.6742788461538461 0.4310897435897436 0.08052884615384616 0.10576923076923077
1 0.5925480769230769 0.4423076923076923 0.08052884615384616 0.11217948717948718
1 0.6081730769230769 0.5224358974358975 0.04927884615384615 0.05929487179487179
1 0.640625 0.5576923076923077 0.051682692307692304 0.0641025641025641
1 0.5949519230769231 0.5993589743589743 0.06490384615384616 0.08333333333333333
1 0.5528846153846154 0.655448717948718 0.07692307692307693 0.08333333333333333
1 0.5516826923076923 0.5384615384615384 0.05889423076923077 0.08012820512820513
1 0.5132211538461539 0.5913461538461539 0.05889423076923077 0.07852564102564102
1 0.4651442307692308 0.655448717948718 0.08052884615384616 0.09775641025641026
1 0.5192307692307693 0.46794871794871795 0.06610576923076923 0.09134615384615384
1 0.46274038461538464 0.5192307692307693 0.06971153846153846 0.09775641025641026
1 0.4230769230769231 0.594551282051282 0.0625 0.09294871794871795
1 0.38822115384615385 0.6618589743589743 0.07211538461538461 0.08653846153846154
1 0.5072115384615384 0.38301282051282054 0.054086538461538464 0.08012820512820513
1 0.46153846153846156 0.4358974358974359 0.055288461538461536 0.08173076923076923
1 0.4098557692307692 0.48717948717948717 0.06009615384615385 0.08653846153846154
1 0.36538461538461536 0.5400641025641025 0.0625 0.07211538461538461
1 0.34375 0.6073717948717948 0.05048076923076923 0.0641025641025641
1 0.31971153846153844 0.6650641025641025 0.06370192307692307 0.08012820512820513
1 0.4074519230769231 0.40544871794871795 0.056490384615384616 0.07532051282051282
1 0.359375 0.44871794871794873 0.06490384615384616 0.07852564102564102
1 0.3004807692307692 0.5096153846153846 0.09014423076923077 0.11057692307692307
1 0.2668269230769231 0.6105769230769231 0.07451923076923077 0.08974358974358974
1 0.22716346153846154 0.6746794871794872 0.06850961538461539 0.07211538461538461
1 0.36538461538461536 0.375 0.052884615384615384 0.06891025641025642
1 0.3076923076923077 0.3926282051282051 0.0625 0.08333333333333333
1 0.2644230769230769 0.42788461538461536 0.054086538461538464 0.07532051282051282
1 0.2283653846153846 0.5368589743589743 0.056490384615384616 0.07692307692307693
1 0.18389423076923078 0.5993589743589743 0.06610576923076923 0.08653846153846154
1 0.13942307692307693 0.6730769230769231 0.0673076923076923 0.08814102564102565
1 0.203125 0.4599358974358974 0.07091346153846154 0.08653846153846154
1 0.14903846153846154 0.5224358974358975 0.06490384615384616 0.08173076923076923
1 0.11899038461538461 0.594551282051282 0.06370192307692307 0.08493589743589744
1 0.06610576923076923 0.6522435897435898 0.078125 0.10576923076923077
1 0.39663461538461536 0.5785256410256411 0.010817307692307692 0.22435897435897437
1 0.48677884615384615 0.5144230769230769 0.9507211538461539 0.42788461538461536