1 0.0829326923076923 0.6176470588235294 0.06490384615384616 0.16666666666666666
1 0.054086538461538464 0.7483660130718954 0.04807692307692308 0.10457516339869281
1 0.10576923076923077 0.761437908496732 0.046875 0.1111111111111111
1 0.13341346153846154 0.6764705882352942 0.04326923076923077 0.11764705882352941
1 0.16466346153846154 0.7418300653594772 0.04807692307692308 0.09477124183006536
1 0.1622596153846154 0.5718954248366013 0.06009615384615385 0.16013071895424835
1 0.20552884615384615 0.6633986928104575 0.04807692307692308 0.13398692810457516
1 0.23918269230769232 0.738562091503268 0.042067307692307696 0.0915032679738562
1 0.21754807692307693 0.5424836601307189 0.04326923076923077 0.10784313725490197
1 0.1875 0.43137254901960786 0.05048076923076923 0.13398692810457516
1 0.23677884615384615 0.43137254901960786 0.04326923076923077 0.12091503267973856
1 0.25961538461538464 0.6143790849673203 0.06129807692307692 0.15359477124183007
1 0.27884615384615385 0.7222222222222222 0.03125 0.08823529411764706
1 0.3004807692307692 0.6535947712418301 0.028846153846153848 0.08496732026143791
1 0.31850961538461536 0.7352941176470589 0.03365384615384615 0.0784313725490196
1 0.27884615384615385 0.4869281045751634 0.040865384615384616 0.1111111111111111
1 0.2127403846153846 0.32679738562091504 0.040865384615384616 0.1111111111111111
1 0.22355769230769232 0.21895424836601307 0.040865384615384616 0.1111111111111111
1 0.265625 0.31699346405228757 0.056490384615384616 0.14705882352941177
1 0.29927884615384615 0.19281045751633988 0.055288461538461536 0.13725490196078433
1 0.3088942307692308 0.0915032679738562 0.025240384615384616 0.06862745098039216
1 0.3329326923076923 0.13398692810457516 0.027644230769230768 0.0784313725490196
1 0.328125 0.29411764705882354 0.03485576923076923 0.09477124183006536
1 0.3088942307692308 0.4019607843137255 0.054086538461538464 0.13725490196078433
1 0.3161057692307692 0.5490196078431373 0.04567307692307692 0.11764705882352941
1 0.3425480769230769 0.6633986928104575 0.038461538461538464 0.09477124183006536
1 0.37740384615384615 0.7156862745098039 0.04807692307692308 0.1111111111111111
1 0.3762019230769231 0.6241830065359477 0.021634615384615384 0.058823529411764705
1 0.359375 0.5588235294117647 0.037259615384615384 0.09803921568627451
1 0.3389423076923077 0.4738562091503268 0.03125 0.09477124183006536
1 0.37259615384615385 0.4738562091503268 0.028846153846153848 0.08169934640522876
1 0.359375 0.38562091503267976 0.040865384615384616 0.1111111111111111
1 0.36538461538461536 0.10457516339869281 0.026442307692307692 0.07516339869281045
1 0.36177884615384615 0.21568627450980393 0.05048076923076923 0.13725490196078433
1 0.39302884615384615 0.31699346405228757 0.04927884615384615 0.12418300653594772
1 0.42427884615384615 0.2549019607843137 0.03125 0.10130718954248366
1 0.40625 0.1503267973856209 0.042067307692307696 0.10784313725490197
1 0.453125 0.16993464052287582 0.037259615384615384 0.10457516339869281
1 0.47596153846153844 0.26143790849673204 0.04326923076923077 0.1111111111111111
1 0.4831730769230769 0.13725490196078433 0.02403846153846154 0.06862745098039216
1 0.44591346153846156 0.3562091503267974 0.040865384615384616 0.1111111111111111
1 0.41466346153846156 0.434640522875817 0.04567307692307692 0.12745098039215685
1 0.39663461538461536 0.5555555555555556 0.03125 0.08496732026143791
1 0.40625 0.6405228758169934 0.03125 0.0784313725490196
1 0.4254807692307692 0.7254901960784313 0.040865384615384616 0.11764705882352941
1 0.4423076923076923 0.6437908496732027 0.02403846153846154 0.06209150326797386
1 0.42908653846153844 0.5849673202614379 0.02283653846153846 0.06209150326797386
1 0.4519230769230769 0.5163398692810458 0.04567307692307692 0.12745098039215685
1 0.484375 0.6143790849673203 0.04927884615384615 0.12745098039215685
1 0.4639423076923077 0.7124183006535948 0.03485576923076923 0.0915032679738562
1 0.5036057692307693 0.7287581699346405 0.042067307692307696 0.12091503267973856
1 0.5480769230769231 0.6764705882352942 0.051682692307692304 0.12745098039215685
1 0.5252403846153846 0.5620915032679739 0.037259615384615384 0.1111111111111111
1 0.4963942307692308 0.49673202614379086 0.037259615384615384 0.09477124183006536
1 0.47475961538461536 0.42483660130718953 0.027644230769230768 0.08169934640522876
1 0.5216346153846154 0.42810457516339867 0.038461538461538464 0.1111111111111111
1 0.4951923076923077 0.35294117647058826 0.036057692307692304 0.10784313725490197
1 0.5372596153846154 0.3104575163398693 0.04567307692307692 0.13398692810457516
1 0.5108173076923077 0.19607843137254902 0.04326923076923077 0.11764705882352941
1 0.5492788461538461 0.1895424836601307 0.025240384615384616 0.0718954248366013
1 0.5600961538461539 0.39869281045751637 0.03245192307692308 0.0915032679738562
1 0.5588942307692307 0.49673202614379086 0.039663461538461536 0.09803921568627451
1 0.578125 0.5882352941176471 0.036057692307692304 0.09803921568627451
1 0.5973557692307693 0.6666666666666666 0.03245192307692308 0.08496732026143791
1 0.6153846153846154 0.7254901960784313 0.03125 0.0718954248366013
1 0.5853365384615384 0.1437908496732026 0.025240384615384616 0.07516339869281045
1 0.6009615384615384 0.1830065359477124 0.015625 0.06209150326797386
1 0.5793269230769231 0.238562091503268 0.040865384615384616 0.10457516339869281
1 0.6069711538461539 0.3333333333333333 0.042067307692307696 0.11764705882352941
1 0.6346153846153846 0.20915032679738563 0.04807692307692308 0.14705882352941177
1 0.6310096153846154 0.40522875816993464 0.025240384615384616 0.06862745098039216
1 0.5961538461538461 0.45098039215686275 0.04326923076923077 0.11437908496732026
1 0.6153846153846154 0.5555555555555556 0.03245192307692308 0.08823529411764706
1 0.6418269230769231 0.6372549019607843 0.046875 0.12418300653594772
1 0.6514423076923077 0.7352941176470589 0.030048076923076924 0.06535947712418301
1 0.6971153846153846 0.7418300653594772 0.030048076923076924 0.06862745098039216
1 0.6754807692307693 0.6895424836601307 0.027644230769230768 0.0718954248366013
1 0.6875 0.6045751633986928 0.04567307692307692 0.11764705882352941
1 0.7139423076923077 0.6601307189542484 0.03485576923076923 0.0915032679738562
1 0.6550480769230769 0.4934640522875817 0.06009615384615385 0.1568627450980392
1 0.6923076923076923 0.434640522875817 0.03125 0.08496732026143791
1 0.6670673076923077 0.35294117647058826 0.051682692307692304 0.13725490196078433
1 0.6911057692307693 0.21568627450980393 0.052884615384615384 0.1568627450980392
1 0.7271634615384616 0.20261437908496732 0.02283653846153846 0.058823529411764705
1 0.7151442307692307 0.35294117647058826 0.040865384615384616 0.11764705882352941
1 0.7175480769230769 0.48366013071895425 0.040865384615384616 0.1111111111111111
1 0.7427884615384616 0.5784313725490197 0.042067307692307696 0.1111111111111111
1 0.7632211538461539 0.6666666666666666 0.037259615384615384 0.09803921568627451
1 0.7391826923076923 0.7483660130718954 0.040865384615384616 0.08823529411764706
1 0.7920673076923077 0.7418300653594772 0.037259615384615384 0.10130718954248366
1 0.8293269230769231 0.7254901960784313 0.03245192307692308 0.09477124183006536
1 0.8076923076923077 0.6568627450980392 0.030048076923076924 0.0915032679738562
1 0.7860576923076923 0.5816993464052288 0.038461538461538464 0.10784313725490197
1 0.7644230769230769 0.5065359477124183 0.030048076923076924 0.0915032679738562
1 0.7463942307692307 0.4150326797385621 0.042067307692307696 0.10784313725490197
1 0.7463942307692307 0.28431372549019607 0.037259615384615384 0.10130718954248366
1 0.765625 0.21241830065359477 0.02403846153846154 0.06535947712418301
1 0.8004807692307693 0.21568627450980393 0.021634615384615384 0.05228758169934641
1 0.7872596153846154 0.2581699346405229 0.020432692307692308 0.05555555555555555
1 0.7788461538461539 0.3431372549019608 0.037259615384615384 0.10130718954248366
1 0.8221153846153846 0.2908496732026144 0.042067307692307696 0.1111111111111111
1 0.8197115384615384 0.38562091503267976 0.030048076923076924 0.0784313725490196
1 0.7932692307692307 0.43790849673202614 0.03485576923076923 0.08823529411764706
1 0.828125 0.5163398692810458 0.05048076923076923 0.14052287581699346
1 0.8617788461538461 0.42810457516339867 0.036057692307692304 0.10130718954248366
1 0.8894230769230769 0.4869281045751634 0.03125 0.08496732026143791
1 0.8882211538461539 0.5882352941176471 0.037259615384615384 0.10457516339869281
1 0.8425480769230769 0.6274509803921569 0.03485576923076923 0.09803921568627451
1 0.8725961538461539 0.696078431372549 0.046875 0.12418300653594772
1 0.9206730769230769 0.673202614379085 0.04567307692307692 0.12745098039215685
1 0.9615384615384616 0.7222222222222222 0.04326923076923077 0.11764705882352941
1 0.4879807692307692 0.6405228758169934 0.003605769230769231 0.2973856209150327
1 0.5084134615384616 0.42810457516339867 0.9603365384615384 0.7875816993464052