1 0.6225961538461539 0.3701923076923077 0.06971153846153846 0.08333333333333333
1 0.42427884615384615 0.375 0.0625 0.08012820512820513
1 0.27403846153846156 0.3894230769230769 0.04807692307692308 0.0673076923076923
1 0.7367788461538461 0.3894230769230769 0.046875 0.05929487179487179
1 0.21394230769230768 0.3958333333333333 0.06971153846153846 0.07051282051282051
1 0.34975961538461536 0.40865384615384615 0.06610576923076923 0.07532051282051282
1 0.5384615384615384 0.4150641025641026 0.054086538461538464 0.0625
1 0.7896634615384616 0.4182692307692308 0.07211538461538461 0.09134615384615384
1 0.6598557692307693 0.4198717948717949 0.04807692307692308 0.0641025641025641
1 0.47596153846153844 0.4230769230769231 0.07572115384615384 0.09134615384615384
1 0.16105769230769232 0.44711538461538464 0.07932692307692307 0.09615384615384616
1 0.40384615384615385 0.44871794871794873 0.06129807692307692 0.0673076923076923
1 0.3016826923076923 0.44871794871794873 0.051682692307692304 0.05929487179487179
1 0.6021634615384616 0.453525641025641 0.07572115384615384 0.10256410256410256
1 0.7163461538461539 0.4583333333333333 0.0733173076923077 0.09935897435897435
1 0.24519230769230768 0.46314102564102566 0.06129807692307692 0.07692307692307693
1 0.3473557692307692 0.4855769230769231 0.054086538461538464 0.07051282051282051
1 0.8076923076923077 0.48878205128205127 0.06610576923076923 0.07692307692307693
1 0.5324519230769231 0.4967948717948718 0.06370192307692307 0.08653846153846154
1 0.47115384615384615 0.5192307692307693 0.06610576923076923 0.10096153846153846
1 0.296875 0.5208333333333334 0.0673076923076923 0.07692307692307693
1 0.2127403846153846 0.5224358974358975 0.06009615384615385 0.08814102564102565
1 0.6526442307692307 0.5288461538461539 0.0889423076923077 0.11057692307692307
2 0.5108173076923077 0.5368589743589743 0.890625 0.4967948717948718
1 0.4014423076923077 0.5400641025641025 0.08052884615384616 0.10576923076923077
1 0.140625 0.5400641025641025 0.0673076923076923 0.08653846153846154
1 0.7439903846153846 0.5432692307692307 0.05889423076923077 0.08333333333333333
1 0.5649038461538461 0.5705128205128205 0.0625 0.08012820512820513
1 0.25240384615384615 0.5865384615384616 0.07451923076923077 0.08814102564102565
1 0.8149038461538461 0.594551282051282 0.0889423076923077 0.125
1 0.3401442307692308 0.594551282051282 0.08173076923076923 0.10256410256410256
1 0.6995192307692307 0.5961538461538461 0.040865384615384616 0.049679487179487176
1 0.19110576923076922 0.5993589743589743 0.054086538461538464 0.07692307692307693
1 0.5012019230769231 0.6089743589743589 0.07572115384615384 0.08974358974358974
1 0.6610576923076923 0.6153846153846154 0.04447115384615385 0.07051282051282051
1 0.42908653846153844 0.6153846153846154 0.05048076923076923 0.07051282051282051
1 0.7379807692307693 0.6266025641025641 0.057692307692307696 0.0641025641025641
1 0.5973557692307693 0.6282051282051282 0.055288461538461536 0.060897435897435896
0 0.46033653846153844 0.6282051282051282 0.006009615384615385 0.2467948717948718
1 0.12379807692307693 0.6378205128205128 0.09975961538461539 0.11538461538461539
1 0.5480769230769231 0.6474358974358975 0.038461538461538464 0.052884615384615384
1 0.28966346153846156 0.657051282051282 0.08173076923076923 0.09455128205128205
1 0.6959134615384616 0.6730769230769231 0.055288461538461536 0.06570512820512821
1 0.3894230769230769 0.6730769230769231 0.078125 0.08974358974358974
1 0.6322115384615384 0.6730769230769231 0.052884615384615384 0.0673076923076923
1 0.21394230769230768 0.6730769230769231 0.052884615384615384 0.07371794871794872
1 0.46274038461538464 0.6762820512820513 0.06009615384615385 0.07371794871794872
1 0.875 0.6810897435897436 0.06610576923076923 0.10576923076923077
1 0.5144230769230769 0.6842948717948718 0.05048076923076923 0.057692307692307696
1 0.7668269230769231 0.6858974358974359 0.06009615384615385 0.07852564102564102
1 0.5745192307692307 0.7083333333333334 0.08052884615384616 0.08814102564102565
1 0.3329326923076923 0.7211538461538461 0.06610576923076923 0.06891025641025642
1 0.17067307692307693 0.7211538461538461 0.06610576923076923 0.0625
1 0.6502403846153846 0.7227564102564102 0.0625 0.030448717948717948
1 0.7199519230769231 0.7259615384615384 0.057692307692307696 0.05608974358974359
1 0.25240384615384615 0.7291666666666666 0.06971153846153846 0.07211538461538461
1 0.9290865384615384 0.7323717948717948 0.07572115384615384 0.10256410256410256
1 0.09975961538461539 0.7323717948717948 0.06370192307692307 0.0641025641025641
1 0.8088942307692307 0.7339743589743589 0.056490384615384616 0.06891025641025642
1 0.48677884615384615 0.7371794871794872 0.05889423076923077 0.04006410256410257
1 0.39783653846153844 0.7403846153846154 0.04447115384615385 0.03365384615384615
1 0.4423076923076923 0.7419871794871795 0.02283653846153846 0.020833333333333332
1 0.8689903846153846 0.7548076923076923 0.04807692307692308 0.04487179487179487