1 0.22355769230769232 0.292817679558011 0.03125 0.0718232044198895
1 0.5480769230769231 0.30386740331491713 0.039663461538461536 0.0718232044198895
1 0.3786057692307692 0.30939226519337015 0.037259615384615384 0.0718232044198895
1 0.8737980769230769 0.31215469613259667 0.010817307692307692 0.024861878453038673
1 0.31850961538461536 0.31215469613259667 0.039663461538461536 0.08011049723756906
1 0.41346153846153844 0.32044198895027626 0.028846153846153848 0.06353591160220995
1 0.9338942307692307 0.32044198895027626 0.01201923076923077 0.027624309392265192
1 0.6237980769230769 0.32320441988950277 0.02283653846153846 0.058011049723756904
1 0.6514423076923077 0.3259668508287293 0.03485576923076923 0.0856353591160221
1 0.703125 0.3287292817679558 0.030048076923076924 0.08839779005524862
1 0.5913461538461539 0.3370165745856354 0.04326923076923077 0.0856353591160221
1 0.9603365384615384 0.3397790055248619 0.016826923076923076 0.03591160220994475
1 0.5072115384615384 0.3397790055248619 0.039663461538461536 0.08839779005524862
1 0.9206730769230769 0.3397790055248619 0.013221153846153846 0.03038674033149171
1 0.8353365384615384 0.3425414364640884 0.018028846153846152 0.03867403314917127
1 0.9014423076923077 0.3453038674033149 0.021634615384615384 0.049723756906077346
1 0.25841346153846156 0.3453038674033149 0.03485576923076923 0.07734806629834254
1 0.4567307692307692 0.34806629834254144 0.036057692307692304 0.08011049723756906
1 0.9819711538461539 0.34806629834254144 0.015625 0.03591160220994475
1 0.8677884615384616 0.34806629834254144 0.02283653846153846 0.04419889502762431
1 0.28966346153846156 0.35082872928176795 0.028846153846153848 0.06629834254143646
1 0.7644230769230769 0.35082872928176795 0.030048076923076924 0.06906077348066299
1 0.8100961538461539 0.35082872928176795 0.03485576923076923 0.07734806629834254
1 0.9362980769230769 0.35082872928176795 0.01201923076923077 0.027624309392265192
1 0.22235576923076922 0.35911602209944754 0.02403846153846154 0.058011049723756904
1 0.35216346153846156 0.36187845303867405 0.03245192307692308 0.07734806629834254
1 0.8810096153846154 0.3729281767955801 0.019230769230769232 0.04143646408839779
1 0.734375 0.3729281767955801 0.028846153846153848 0.0718232044198895
1 0.38822115384615385 0.3812154696132597 0.036057692307692304 0.06629834254143646
1 0.953125 0.3812154696132597 0.02283653846153846 0.04143646408839779
1 0.8617788461538461 0.3812154696132597 0.01201923076923077 0.03038674033149171
1 0.8449519230769231 0.3839779005524862 0.015625 0.04143646408839779
1 0.9897836538461539 0.3839779005524862 0.018028846153846152 0.055248618784530384
1 0.5564903846153846 0.3867403314917127 0.027644230769230768 0.06906077348066299
2 0.5276442307692307 0.3867403314917127 0.8846153846153846 0.6325966850828729
1 0.9302884615384616 0.38950276243093923 0.018028846153846152 0.04419889502762431
1 0.6730769230769231 0.38950276243093923 0.030048076923076924 0.0718232044198895
1 0.43149038461538464 0.39779005524861877 0.039663461538461536 0.0856353591160221
1 0.48197115384615385 0.39779005524861877 0.026442307692307692 0.06077348066298342
1 0.8569711538461539 0.40331491712707185 0.013221153846153846 0.027624309392265192
1 0.9098557692307693 0.40331491712707185 0.01201923076923077 0.027624309392265192
1 0.3173076923076923 0.40331491712707185 0.042067307692307696 0.08287292817679558
1 0.6262019230769231 0.40331491712707185 0.042067307692307696 0.10220994475138122
1 0.24158653846153846 0.40331491712707185 0.027644230769230768 0.06629834254143646
1 0.1971153846153846 0.40607734806629836 0.03245192307692308 0.09668508287292818
1 0.8713942307692307 0.4088397790055249 0.015625 0.03038674033149171
1 0.8245192307692307 0.4088397790055249 0.02283653846153846 0.058011049723756904
1 0.9723557692307693 0.4116022099447514 0.010817307692307692 0.027624309392265192
1 0.8954326923076923 0.4116022099447514 0.019230769230769232 0.04419889502762431
1 0.7043269230769231 0.4143646408839779 0.03125 0.06353591160220995
1 0.7728365384615384 0.4198895027624309 0.027644230769230768 0.06353591160220995
1 0.5300480769230769 0.42265193370165743 0.03485576923076923 0.0718232044198895
1 0.36899038461538464 0.42265193370165743 0.026442307692307692 0.058011049723756904
1 0.9350961538461539 0.42265193370165743 0.009615384615384616 0.019337016574585635
1 0.27524038461538464 0.4281767955801105 0.03485576923076923 0.08287292817679558
1 0.9146634615384616 0.4281767955801105 0.013221153846153846 0.024861878453038673
1 0.9603365384615384 0.4281767955801105 0.013221153846153846 0.03038674033149171
1 0.5877403846153846 0.4281767955801105 0.038461538461538464 0.09668508287292818
1 0.9921875 0.4281767955801105 0.013221153846153846 0.049723756906077346
1 0.8581730769230769 0.430939226519337 0.009615384615384616 0.022099447513812154
1 0.9254807692307693 0.430939226519337 0.01201923076923077 0.022099447513812154
1 0.8834134615384616 0.43922651933701656 0.015625 0.027624309392265192
1 0.9399038461538461 0.4447513812154696 0.013221153846153846 0.024861878453038673
1 0.17548076923076922 0.44751381215469616 0.021634615384615384 0.052486187845303865
1 0.453125 0.45027624309392267 0.030048076923076924 0.07734806629834254
1 0.9711538461538461 0.4530386740331492 0.018028846153846152 0.052486187845303865
1 0.40024038461538464 0.4530386740331492 0.03245192307692308 0.08011049723756906
1 0.7391826923076923 0.4530386740331492 0.037259615384615384 0.08839779005524862
1 0.8942307692307693 0.4558011049723757 0.010817307692307692 0.027624309392265192
1 0.9543269230769231 0.4558011049723757 0.013221153846153846 0.024861878453038673
1 0.65625 0.4558011049723757 0.030048076923076924 0.06077348066298342
1 0.9909855769230769 0.4585635359116022 0.015625 0.04419889502762431
1 0.9134615384615384 0.4585635359116022 0.016826923076923076 0.03314917127071823
1 0.84375 0.46408839779005523 0.03245192307692308 0.08287292817679558
1 0.8076923076923077 0.46685082872928174 0.037259615384615384 0.06353591160220995
1 0.9350961538461539 0.46685082872928174 0.019230769230769232 0.03591160220994475
1 0.3473557692307692 0.4723756906077348 0.040865384615384616 0.08011049723756906
1 0.48677884615384615 0.4723756906077348 0.040865384615384616 0.08287292817679558
1 0.22596153846153846 0.4723756906077348 0.03245192307692308 0.08287292817679558
1 0.6947115384615384 0.48342541436464087 0.036057692307692304 0.0718232044198895
1 0.9074519230769231 0.4861878453038674 0.021634615384615384 0.04143646408839779
1 0.6213942307692307 0.49171270718232046 0.03125 0.07458563535911603
1 0.19831730769230768 0.49171270718232046 0.02283653846153846 0.058011049723756904
1 0.31009615384615385 0.494475138121547 0.03485576923076923 0.09116022099447514
1 0.27884615384615385 0.494475138121547 0.02403846153846154 0.052486187845303865
1 0.9507211538461539 0.494475138121547 0.021634615384615384 0.03867403314917127
1 0.9783653846153846 0.4972375690607735 0.016826923076923076 0.04696132596685083
1 0.7692307692307693 0.4972375690607735 0.03485576923076923 0.07458563535911603
1 0.43149038461538464 0.5 0.04326923076923077 0.0856353591160221
1 0.8774038461538461 0.5 0.027644230769230768 0.07734806629834254
1 0.5240384615384616 0.5 0.03485576923076923 0.08011049723756906
1 0.5649038461538461 0.511049723756906 0.046875 0.10497237569060773
1 0.37259615384615385 0.5165745856353591 0.037259615384615384 0.0718232044198895
1 0.15985576923076922 0.5193370165745856 0.030048076923076924 0.07734806629834254
1 0.9182692307692307 0.5248618784530387 0.020432692307692308 0.03867403314917127
1 0.9615384615384616 0.5303867403314917 0.016826923076923076 0.03314917127071823
1 0.7223557692307693 0.5303867403314917 0.030048076923076924 0.07458563535911603
1 0.25 0.5303867403314917 0.037259615384615384 0.07458563535911603
1 0.6538461538461539 0.5331491712707183 0.037259615384615384 0.08287292817679558
1 0.796875 0.5359116022099447 0.03245192307692308 0.07458563535911603
1 0.9314903846153846 0.5386740331491713 0.021634615384615384 0.03867403314917127
1 0.8485576923076923 0.5414364640883977 0.028846153846153848 0.06906077348066299
1 0.4723557692307692 0.5469613259668509 0.03125 0.06353591160220995
1 0.9807692307692307 0.5469613259668509 0.02283653846153846 0.04696132596685083
1 0.9038461538461539 0.5524861878453039 0.03245192307692308 0.06629834254143646
1 0.18990384615384615 0.5552486187845304 0.028846153846153848 0.058011049723756904
1 0.22596153846153846 0.5552486187845304 0.02403846153846154 0.04143646408839779
1 0.3401442307692308 0.5552486187845304 0.042067307692307696 0.0856353591160221
1 0.29086538461538464 0.5580110497237569 0.042067307692307696 0.07458563535911603
1 0.40625 0.5607734806629834 0.02283653846153846 0.058011049723756904
1 0.9507211538461539 0.5607734806629834 0.016826923076923076 0.03314917127071823
1 0.7536057692307693 0.56353591160221 0.025240384615384616 0.055248618784530384
1 0.5384615384615384 0.5662983425414365 0.025240384615384616 0.052486187845303865
1 0.44350961538461536 0.5718232044198895 0.02403846153846154 0.058011049723756904
1 0.6177884615384616 0.5718232044198895 0.028846153846153848 0.06629834254143646
1 0.6875 0.574585635359116 0.03485576923076923 0.08011049723756906
1 0.8221153846153846 0.580110497237569 0.03245192307692308 0.08839779005524862
0 0.515625 0.585635359116022 0.009615384615384616 0.22375690607734808
1 0.5841346153846154 0.585635359116022 0.03125 0.08011049723756906
1 0.5108173076923077 0.5883977900552486 0.036057692307692304 0.09392265193370165
1 0.9314903846153846 0.5883977900552486 0.03125 0.06353591160220995
1 0.38221153846153844 0.5911602209944752 0.03125 0.0718232044198895
1 0.9891826923076923 0.5911602209944752 0.013221153846153846 0.03314917127071823
1 0.9555288461538461 0.5911602209944752 0.015625 0.03314917127071823
1 0.7331730769230769 0.5966850828729282 0.028846153846153848 0.052486187845303865
1 0.20793269230769232 0.5966850828729282 0.03125 0.058011049723756904
1 0.9723557692307693 0.6022099447513812 0.013221153846153846 0.027624309392265192
1 0.15625 0.6022099447513812 0.037259615384615384 0.07458563535911603
1 0.7764423076923077 0.6022099447513812 0.03485576923076923 0.08839779005524862
1 0.8762019230769231 0.6049723756906077 0.039663461538461536 0.08287292817679558
1 0.4639423076923077 0.6077348066298343 0.027644230769230768 0.052486187845303865
1 0.6478365384615384 0.6077348066298343 0.03125 0.06629834254143646
1 0.1201923076923077 0.6077348066298343 0.03485576923076923 0.07734806629834254
1 0.24278846153846154 0.6104972375690608 0.03245192307692308 0.07734806629834254
1 0.42427884615384615 0.6160220994475138 0.03245192307692308 0.08011049723756906
1 0.5504807692307693 0.6243093922651933 0.025240384615384616 0.055248618784530384
1 0.27403846153846156 0.6270718232044199 0.025240384615384616 0.058011049723756904
1 0.31490384615384615 0.6298342541436464 0.03485576923076923 0.07734806629834254
1 0.3557692307692308 0.643646408839779 0.038461538461538464 0.0856353591160221
1 0.9495192307692307 0.6464088397790055 0.03365384615384615 0.06629834254143646
1 0.609375 0.6464088397790055 0.046875 0.0856353591160221
1 0.8485576923076923 0.6464088397790055 0.03485576923076923 0.08011049723756906
1 0.7127403846153846 0.649171270718232 0.036057692307692304 0.08011049723756906
1 0.7487980769230769 0.6519337016574586 0.03485576923076923 0.06629834254143646
1 0.4891826923076923 0.6519337016574586 0.03365384615384615 0.07458563535911603
1 0.6742788461538461 0.6519337016574586 0.03365384615384615 0.07458563535911603
1 0.18269230769230768 0.6546961325966851 0.03485576923076923 0.0856353591160221
1 0.9098557692307693 0.6546961325966851 0.037259615384615384 0.058011049723756904
1 0.5685096153846154 0.6546961325966851 0.036057692307692304 0.06353591160220995
1 0.8088942307692307 0.6574585635359116 0.030048076923076924 0.06906077348066299
1 0.39783653846153844 0.6574585635359116 0.027644230769230768 0.06353591160220995
1 0.10216346153846154 0.6574585635359116 0.026442307692307692 0.055248618784530384
1 0.21995192307692307 0.6602209944751382 0.026442307692307692 0.06629834254143646
1 0.5204326923076923 0.6629834254143646 0.030048076923076924 0.06077348066298342
1 0.4483173076923077 0.6657458563535912 0.03245192307692308 0.06077348066298342
1 0.13942307692307693 0.6712707182320442 0.03125 0.06077348066298342
1 0.29086538461538464 0.6740331491712708 0.02403846153846154 0.049723756906077346
1 0.25961538461538464 0.6795580110497238 0.018028846153846152 0.04143646408839779
1 0.30528846153846156 0.11602209944751381 0.03245192307692308 0.07734806629834254
1 0.5132211538461539 0.143646408839779 0.037259615384615384 0.07458563535911603
1 0.3918269230769231 0.15469613259668508 0.03365384615384615 0.0718232044198895
1 0.6935096153846154 0.16022099447513813 0.030048076923076924 0.06906077348066299
1 0.33413461538461536 0.16298342541436464 0.03485576923076923 0.07734806629834254
1 0.2692307692307692 0.1712707182320442 0.036057692307692304 0.08011049723756906
1 0.4495192307692308 0.1712707182320442 0.030048076923076924 0.0718232044198895
1 0.4807692307692308 0.17679558011049723 0.027644230769230768 0.06077348066298342
1 0.5576923076923077 0.17955801104972377 0.03485576923076923 0.08011049723756906
1 0.6634615384615384 0.18232044198895028 0.027644230769230768 0.06353591160220995
1 0.29447115384615385 0.212707182320442 0.03125 0.07734806629834254
1 0.609375 0.21823204419889503 0.020432692307692308 0.06077348066298342
1 0.7091346153846154 0.22375690607734808 0.028846153846153848 0.0718232044198895
1 0.2403846153846154 0.2292817679558011 0.03245192307692308 0.08011049723756906
1 0.3605769230769231 0.2292817679558011 0.04326923076923077 0.09116022099447514
1 0.5192307692307693 0.23480662983425415 0.04807692307692308 0.10773480662983426
1 0.32572115384615385 0.24033149171270718 0.02403846153846154 0.06353591160220995
1 0.5793269230769231 0.24861878453038674 0.040865384615384616 0.0856353591160221
1 0.6334134615384616 0.2541436464088398 0.037259615384615384 0.0718232044198895
1 0.40024038461538464 0.2541436464088398 0.03125 0.06906077348066299
1 0.6730769230769231 0.2596685082872928 0.03485576923076923 0.09668508287292818
1 0.4362980769230769 0.26243093922651933 0.027644230769230768 0.09392265193370165
1 0.27524038461538464 0.27348066298342544 0.028846153846153848 0.06077348066298342
1 0.47716346153846156 0.27900552486187846 0.038461538461538464 0.09392265193370165
1 0.7427884615384616 0.2845303867403315 0.04447115384615385 0.09668508287292818