1 0.06971153846153846 0.6891025641025641 0.039663461538461536 0.03205128205128205
1 0.18509615384615385 0.40705128205128205 0.04567307692307692 0.05448717948717949
1 0.171875 0.4583333333333333 0.03485576923076923 0.038461538461538464
1 0.09375 0.6538461538461539 0.039663461538461536 0.04326923076923077
1 0.10216346153846154 0.6121794871794872 0.03485576923076923 0.04326923076923077
1 0.12139423076923077 0.5737179487179487 0.040865384615384616 0.04487179487179487
1 0.13581730769230768 0.5288461538461539 0.03485576923076923 0.041666666666666664
1 0.15384615384615385 0.4935897435897436 0.03125 0.038461538461538464
1 0.11057692307692307 0.6875 0.037259615384615384 0.03365384615384615
1 0.1346153846153846 0.6602564102564102 0.03485576923076923 0.04326923076923077
1 0.13822115384615385 0.6137820512820513 0.037259615384615384 0.046474358974358976
1 0.15985576923076922 0.5769230769230769 0.037259615384615384 0.049679487179487176
1 0.171875 0.532051282051282 0.03125 0.04006410256410257
1 0.19110576923076922 0.4935897435897436 0.040865384615384616 0.046474358974358976
1 0.20793269230769232 0.4519230769230769 0.03485576923076923 0.046474358974358976
1 0.2247596153846154 0.4150641025641026 0.03125 0.04006410256410257
1 0.20673076923076922 0.5336538461538461 0.026442307692307692 0.038461538461538464
1 0.19110576923076922 0.5689102564102564 0.03125 0.04326923076923077
1 0.1778846153846154 0.6282051282051282 0.03245192307692308 0.04006410256410257
1 0.16947115384615385 0.6698717948717948 0.030048076923076924 0.041666666666666664
1 0.14903846153846154 0.6939102564102564 0.036057692307692304 0.035256410256410256
1 0.1814903846153846 0.7003205128205128 0.030048076923076924 0.03205128205128205
1 0.23197115384615385 0.4855769230769231 0.030048076923076924 0.04326923076923077
1 0.2536057692307692 0.44711538461538464 0.037259615384615384 0.04807692307692308
1 0.25 0.5288461538461539 0.037259615384615384 0.05128205128205128
1 0.2620192307692308 0.483974358974359 0.027644230769230768 0.038461538461538464
1 0.22716346153846154 0.5705128205128205 0.038461538461538464 0.05128205128205128
1 0.21033653846153846 0.6153846153846154 0.036057692307692304 0.049679487179487176
1 0.20192307692307693 0.6618589743589743 0.03365384615384615 0.04326923076923077
1 0.21634615384615385 0.6971153846153846 0.03365384615384615 0.028846153846153848
1 0.234375 0.6538461538461539 0.03245192307692308 0.046474358974358976
1 0.2536057692307692 0.6907051282051282 0.03485576923076923 0.035256410256410256
1 0.2536057692307692 0.6137820512820513 0.03245192307692308 0.046474358974358976
1 0.27163461538461536 0.6506410256410257 0.03245192307692308 0.04487179487179487
1 0.28725961538461536 0.6923076923076923 0.03485576923076923 0.04326923076923077
1 0.27283653846153844 0.5705128205128205 0.036057692307692304 0.04487179487179487
1 0.2860576923076923 0.6185897435897436 0.027644230769230768 0.035256410256410256
1 0.3112980769230769 0.6490384615384616 0.04447115384615385 0.05929487179487179
1 0.33052884615384615 0.6987179487179487 0.03245192307692308 0.03205128205128205
1 0.3545673076923077 0.6714743589743589 0.042067307692307696 0.05448717948717949
1 0.3449519230769231 0.625 0.03485576923076923 0.041666666666666664
1 0.3173076923076923 0.5977564102564102 0.03245192307692308 0.03685897435897436
1 0.31009615384615385 0.5625 0.030048076923076924 0.03365384615384615
1 0.28966346153846156 0.5224358974358975 0.04326923076923077 0.057692307692307696
1 0.29447115384615385 0.46634615384615385 0.03485576923076923 0.04487179487179487
1 0.28846153846153844 0.42467948717948717 0.03245192307692308 0.04006410256410257
1 0.3245192307692308 0.4951923076923077 0.03245192307692308 0.041666666666666664
1 0.33052884615384615 0.5400641025641025 0.03365384615384615 0.04326923076923077
1 0.34375 0.5833333333333334 0.027644230769230768 0.04006410256410257
1 0.3605769230769231 0.5064102564102564 0.028846153846153848 0.041666666666666664
1 0.36778846153846156 0.5544871794871795 0.039663461538461536 0.04807692307692308
1 0.3713942307692308 0.6025641025641025 0.036057692307692304 0.04487179487179487
1 0.38341346153846156 0.6410256410256411 0.038461538461538464 0.04487179487179487
1 0.4098557692307692 0.6586538461538461 0.028846153846153848 0.038461538461538464
1 0.3942307692307692 0.6891025641025641 0.030048076923076924 0.03365384615384615
1 0.4206730769230769 0.6971153846153846 0.02283653846153846 0.02564102564102564
1 0.4495192307692308 0.6923076923076923 0.028846153846153848 0.019230769230769232
1 0.46274038461538464 0.6666666666666666 0.03245192307692308 0.041666666666666664
1 0.4879807692307692 0.6891025641025641 0.03365384615384615 0.03365384615384615
1 0.4026442307692308 0.47115384615384615 0.03245192307692308 0.041666666666666664
1 0.4050480769230769 0.6121794871794872 0.03245192307692308 0.04006410256410257
1 0.43509615384615385 0.6378205128205128 0.036057692307692304 0.046474358974358976
1 0.4014423076923077 0.5673076923076923 0.03245192307692308 0.04326923076923077
1 0.4362980769230769 0.5881410256410257 0.03485576923076923 0.046474358974358976
1 0.46634615384615385 0.6137820512820513 0.03365384615384615 0.041666666666666664
1 0.49399038461538464 0.6458333333333334 0.037259615384615384 0.04807692307692308
1 0.5168269230769231 0.6730769230769231 0.03125 0.041666666666666664
1 0.5408653846153846 0.6955128205128205 0.03365384615384615 0.02564102564102564
1 0.39783653846153844 0.5176282051282052 0.042067307692307696 0.046474358974358976
1 0.42788461538461536 0.5384615384615384 0.028846153846153848 0.03365384615384615
1 0.46634615384615385 0.5657051282051282 0.036057692307692304 0.046474358974358976
1 0.49759615384615385 0.592948717948718 0.038461538461538464 0.049679487179487176
1 0.5276442307692307 0.6298076923076923 0.03485576923076923 0.04487179487179487
1 0.5576923076923077 0.6602564102564102 0.04326923076923077 0.052884615384615384
1 0.5709134615384616 0.6987179487179487 0.025240384615384616 0.027243589743589744
1 0.4411057692307692 0.47596153846153844 0.040865384615384616 0.05448717948717949
1 0.45913461538461536 0.5208333333333334 0.03365384615384615 0.04006410256410257
1 0.4951923076923077 0.5448717948717948 0.030048076923076924 0.041666666666666664
1 0.5264423076923077 0.5657051282051282 0.028846153846153848 0.04326923076923077
1 0.5516826923076923 0.594551282051282 0.03485576923076923 0.04807692307692308
1 0.5805288461538461 0.6185897435897436 0.03125 0.04006410256410257
1 0.5985576923076923 0.6682692307692307 0.037259615384615384 0.049679487179487176
1 0.6105769230769231 0.6987179487179487 0.036057692307692304 0.035256410256410256
1 0.47836538461538464 0.4775641025641026 0.036057692307692304 0.049679487179487176
1 0.5096153846153846 0.5048076923076923 0.03485576923076923 0.049679487179487176
1 0.5396634615384616 0.5208333333333334 0.027644230769230768 0.035256410256410256
1 0.5637019230769231 0.5480769230769231 0.03125 0.04006410256410257
1 0.5877403846153846 0.5769230769230769 0.03245192307692308 0.04326923076923077
1 0.6153846153846154 0.6201923076923077 0.03125 0.04487179487179487
1 0.6382211538461539 0.6602564102564102 0.036057692307692304 0.05608974358974359
1 0.6502403846153846 0.7019230769230769 0.037259615384615384 0.03205128205128205
1 0.5588942307692307 0.4855769230769231 0.03245192307692308 0.04807692307692308
1 0.5925480769230769 0.4951923076923077 0.028846153846153848 0.04006410256410257
1 0.6069711538461539 0.5368589743589743 0.04326923076923077 0.05608974358974359
1 0.6370192307692307 0.5721153846153846 0.04326923076923077 0.049679487179487176
1 0.6502403846153846 0.6185897435897436 0.03485576923076923 0.04326923076923077
1 0.6778846153846154 0.6650641025641025 0.04326923076923077 0.05608974358974359
1 0.7007211538461539 0.7003205128205128 0.03485576923076923 0.03685897435897436
1 0.6286057692307693 0.4951923076923077 0.037259615384615384 0.049679487179487176
1 0.6574519230769231 0.5272435897435898 0.037259615384615384 0.05448717948717949
1 0.6802884615384616 0.5993589743589743 0.03125 0.04326923076923077
1 0.7043269230769231 0.6298076923076923 0.03485576923076923 0.04487179487179487
1 0.7163461538461539 0.6698717948717948 0.03245192307692308 0.041666666666666664
1 0.7439903846153846 0.7067307692307693 0.04567307692307692 0.052884615384615384
1 0.6899038461538461 0.5096153846153846 0.03125 0.04487179487179487
1 0.6899038461538461 0.5576923076923077 0.03245192307692308 0.041666666666666664
1 0.7235576923076923 0.5833333333333334 0.046875 0.060897435897435896
1 0.7415865384615384 0.6330128205128205 0.03245192307692308 0.04326923076923077
1 0.7632211538461539 0.6666666666666666 0.03485576923076923 0.04487179487179487
1 0.7824519230769231 0.7003205128205128 0.030048076923076924 0.03685897435897436
1 0.8149038461538461 0.7147435897435898 0.03485576923076923 0.04006410256410257
1 0.7235576923076923 0.483974358974359 0.040865384615384616 0.052884615384615384
1 0.7211538461538461 0.530448717948718 0.03365384615384615 0.041666666666666664
1 0.7596153846153846 0.5977564102564102 0.030048076923076924 0.04006410256410257
1 0.7860576923076923 0.6217948717948718 0.03365384615384615 0.04487179487179487
1 0.8064903846153846 0.6730769230769231 0.042067307692307696 0.052884615384615384
1 0.8461538461538461 0.7227564102564102 0.026442307692307692 0.022435897435897436
1 0.7584134615384616 0.5096153846153846 0.03245192307692308 0.04487179487179487
1 0.7824519230769231 0.5576923076923077 0.03485576923076923 0.04487179487179487
1 0.8100961538461539 0.5817307692307693 0.03365384615384615 0.046474358974358976
1 0.8221153846153846 0.6298076923076923 0.03485576923076923 0.046474358974358976
1 0.8461538461538461 0.6618589743589743 0.030048076923076924 0.04326923076923077
1 0.859375 0.6955128205128205 0.028846153846153848 0.03685897435897436
1 0.8786057692307693 0.7243589743589743 0.026442307692307692 0.020833333333333332
1 0.7896634615384616 0.483974358974359 0.04567307692307692 0.0625
1 0.8161057692307693 0.5288461538461539 0.040865384615384616 0.05608974358974359
1 0.8449519230769231 0.5657051282051282 0.03485576923076923 0.04807692307692308
1 0.8629807692307693 0.6185897435897436 0.04326923076923077 0.049679487179487176
1 0.8834134615384616 0.6602564102564102 0.03365384615384615 0.04807692307692308
1 0.9002403846153846 0.6955128205128205 0.036057692307692304 0.052884615384615384
1 0.921875 0.7259615384615384 0.037259615384615384 0.027243589743589744
1 0.5540865384615384 0.6089743589743589 0.007211538461538462 0.1891025641025641
1 0.4951923076923077 0.5544871794871795 0.9050480769230769 0.3782051282051282