1 0.09375 0.7291666666666666 0.09735576923076923 0.09935897435897435
1 0.12860576923076922 0.6346153846153846 0.08533653846153846 0.11378205128205128
1 0.17427884615384615 0.7307692307692307 0.08413461538461539 0.07852564102564102
1 0.1778846153846154 0.5464743589743589 0.0829326923076923 0.11698717948717949
1 0.22596153846153846 0.657051282051282 0.08653846153846154 0.10897435897435898
1 0.234375 0.47596153846153844 0.0673076923076923 0.08653846153846154
1 0.21754807692307693 0.38621794871794873 0.08052884615384616 0.09615384615384616
1 0.2956730769230769 0.4823717948717949 0.0625 0.07852564102564102
1 0.2692307692307692 0.5673076923076923 0.08413461538461539 0.08974358974358974
1 0.29447115384615385 0.717948717948718 0.08653846153846154 0.08974358974358974
1 0.36538461538461536 0.4375 0.08173076923076923 0.10416666666666667
1 0.3449519230769231 0.5496794871794872 0.08173076923076923 0.10096153846153846
1 0.34375 0.6394230769230769 0.0733173076923077 0.07692307692307693
1 0.3786057692307692 0.7067307692307693 0.07451923076923077 0.08974358974358974
1 0.4098557692307692 0.6089743589743589 0.07572115384615384 0.11378205128205128
1 0.4375 0.5032051282051282 0.08052884615384616 0.11217948717948718
1 0.44471153846153844 0.40544871794871795 0.04807692307692308 0.07211538461538461
1 0.5048076923076923 0.44551282051282054 0.078125 0.09615384615384616
1 0.49278846153846156 0.594551282051282 0.0985576923076923 0.12179487179487179
1 0.4519230769230769 0.6987179487179487 0.06971153846153846 0.10576923076923077
1 0.5540865384615384 0.5224358974358975 0.07451923076923077 0.09935897435897435
1 0.5853365384615384 0.6298076923076923 0.0673076923076923 0.09134615384615384
1 0.5300480769230769 0.6955128205128205 0.0829326923076923 0.11217948717948718
1 0.6213942307692307 0.5160256410256411 0.06971153846153846 0.09134615384615384
1 0.6550480769230769 0.6121794871794872 0.06850961538461539 0.09455128205128205
1 0.6358173076923077 0.7035256410256411 0.078125 0.10897435897435898
1 0.6959134615384616 0.6634615384615384 0.05048076923076923 0.060897435897435896
1 0.7223557692307693 0.717948717948718 0.06850961538461539 0.07852564102564102
1 0.7151442307692307 0.530448717948718 0.08052884615384616 0.10256410256410256
1 0.7512019230769231 0.6266025641025641 0.08173076923076923 0.10096153846153846
1 0.8016826923076923 0.7035256410256411 0.08774038461538461 0.10096153846153846
1 0.8521634615384616 0.6410256410256411 0.06850961538461539 0.08814102564102565
1 0.8858173076923077 0.7163461538461539 0.07572115384615384 0.08653846153846154
1 0.9579326923076923 0.7291666666666666 0.06009615384615385 0.07692307692307693
1 0.4170673076923077 0.5737179487179487 0.018028846153846152 0.3173076923076923
1 0.5132211538461539 0.5576923076923077 0.9615384615384616 0.46634615384615385