1 0.5997596153846154 0.3017241379310345 0.015625 0.03735632183908046
1 0.234375 0.3074712643678161 0.02283653846153846 0.05459770114942529
1 0.7103365384615384 0.3103448275862069 0.019230769230769232 0.04597701149425287
1 0.6490384615384616 0.3132183908045977 0.015625 0.031609195402298854
1 0.6153846153846154 0.3160919540229885 0.02283653846153846 0.04885057471264368
1 0.4519230769230769 0.3218390804597701 0.020432692307692308 0.04310344827586207
1 0.5408653846153846 0.3218390804597701 0.025240384615384616 0.06321839080459771
1 0.4326923076923077 0.3218390804597701 0.02403846153846154 0.0603448275862069
1 0.3125 0.3275862068965517 0.02283653846153846 0.04885057471264368
1 0.2848557692307692 0.33045977011494254 0.03365384615384615 0.08620689655172414
1 0.4987980769230769 0.33045977011494254 0.026442307692307692 0.0603448275862069
1 0.3762019230769231 0.3333333333333333 0.010817307692307692 0.028735632183908046
1 0.21033653846153846 0.3333333333333333 0.020432692307692308 0.04597701149425287
1 0.6790865384615384 0.33620689655172414 0.030048076923076924 0.07758620689655173
1 0.5661057692307693 0.3390804597701149 0.016826923076923076 0.040229885057471264
1 0.3485576923076923 0.34195402298850575 0.02283653846153846 0.05747126436781609
1 0.7367788461538461 0.34195402298850575 0.020432692307692308 0.04597701149425287
1 0.6021634615384616 0.34770114942528735 0.015625 0.03735632183908046
1 0.46634615384615385 0.35919540229885055 0.021634615384615384 0.05172413793103448
1 0.6574519230769231 0.35919540229885055 0.018028846153846152 0.04597701149425287
1 0.6358173076923077 0.35919540229885055 0.020432692307692308 0.04597701149425287
1 0.39663461538461536 0.3620689655172414 0.03245192307692308 0.08045977011494253
1 0.7788461538461539 0.3620689655172414 0.054086538461538464 0.13505747126436782
1 0.5829326923076923 0.367816091954023 0.020432692307692308 0.04597701149425287
1 0.7103365384615384 0.3793103448275862 0.03245192307692308 0.08045977011494253
1 0.6177884615384616 0.382183908045977 0.020432692307692308 0.05459770114942529
1 0.3245192307692308 0.3879310344827586 0.028846153846153848 0.0603448275862069
1 0.4807692307692308 0.3879310344827586 0.018028846153846152 0.04597701149425287
1 0.24879807692307693 0.39080459770114945 0.036057692307692304 0.08333333333333333
1 0.7367788461538461 0.39080459770114945 0.015625 0.04310344827586207
1 0.5673076923076923 0.39080459770114945 0.015625 0.03735632183908046
1 0.43028846153846156 0.3936781609195402 0.019230769230769232 0.04597701149425287
1 0.28365384615384615 0.3994252873563218 0.025240384615384616 0.04885057471264368
1 0.6802884615384616 0.40229885057471265 0.016826923076923076 0.03735632183908046
1 0.453125 0.4051724137931034 0.018028846153846152 0.05172413793103448
1 0.5997596153846154 0.40804597701149425 0.019230769230769232 0.04597701149425287
1 0.4170673076923077 0.4109195402298851 0.014423076923076924 0.03735632183908046
1 0.6478365384615384 0.41379310344827586 0.025240384615384616 0.06321839080459771
1 0.20192307692307693 0.4166666666666667 0.04447115384615385 0.10057471264367816
1 0.5276442307692307 0.42528735632183906 0.0625 0.13793103448275862
1 0.5685096153846154 0.42528735632183906 0.014423076923076924 0.034482758620689655
1 0.6237980769230769 0.4281609195402299 0.018028846153846152 0.04310344827586207
1 0.3629807692307692 0.4367816091954023 0.04447115384615385 0.10919540229885058
1 0.40384615384615385 0.4425287356321839 0.014423076923076924 0.034482758620689655
1 0.3004807692307692 0.4454022988505747 0.020432692307692308 0.05172413793103448
1 0.4879807692307692 0.4482758620689655 0.025240384615384616 0.0603448275862069
1 0.4338942307692308 0.4482758620689655 0.019230769230769232 0.04597701149425287
1 0.2764423076923077 0.4540229885057471 0.02283653846153846 0.04885057471264368
1 0.7283653846153846 0.45689655172413796 0.02403846153846154 0.05747126436781609
1 0.6610576923076923 0.45689655172413796 0.013221153846153846 0.031609195402298854
1 0.45913461538461536 0.46264367816091956 0.028846153846153848 0.07471264367816093
1 0.6862980769230769 0.46839080459770116 0.036057692307692304 0.08620689655172414
1 0.3245192307692308 0.46839080459770116 0.027644230769230768 0.07183908045977011
1 0.5829326923076923 0.46839080459770116 0.03125 0.06609195402298851
1 0.8076923076923077 0.46839080459770116 0.051682692307692304 0.10632183908045977
1 0.7584134615384616 0.47126436781609193 0.03245192307692308 0.07758620689655173
1 0.6394230769230769 0.47126436781609193 0.013221153846153846 0.031609195402298854
1 0.5576923076923077 0.47701149425287354 0.014423076923076924 0.04310344827586207
1 0.24158653846153846 0.47701149425287354 0.02283653846153846 0.05747126436781609
1 0.4230769230769231 0.47988505747126436 0.018028846153846152 0.04310344827586207
1 0.21875 0.4827586206896552 0.018028846153846152 0.04885057471264368
1 0.3870192307692308 0.4827586206896552 0.01201923076923077 0.040229885057471264
1 0.40024038461538464 0.48563218390804597 0.019230769230769232 0.04885057471264368
1 0.30528846153846156 0.48563218390804597 0.013221153846153846 0.028735632183908046
1 0.7367788461538461 0.4942528735632184 0.009615384615384616 0.02586206896551724
1 0.5060096153846154 0.4942528735632184 0.016826923076923076 0.04310344827586207
1 0.6153846153846154 0.4942528735632184 0.025240384615384616 0.05747126436781609
1 0.48197115384615385 0.49712643678160917 0.019230769230769232 0.034482758620689655
1 0.4423076923076923 0.49712643678160917 0.015625 0.03735632183908046
1 0.2620192307692308 0.5028735632183908 0.019230769230769232 0.05172413793103448
2 0.5264423076923077 0.5086206896551724 0.8665865384615384 0.6666666666666666
1 0.3389423076923077 0.514367816091954 0.019230769230769232 0.05459770114942529
1 0.5228365384615384 0.5172413793103449 0.015625 0.03735632183908046
1 0.6838942307692307 0.5201149425287356 0.008413461538461538 0.017241379310344827
1 0.7295673076923077 0.5201149425287356 0.015625 0.04310344827586207
1 0.23798076923076922 0.5229885057471264 0.019230769230769232 0.03735632183908046
1 0.6598557692307693 0.5229885057471264 0.03365384615384615 0.07471264367816093
1 0.37259615384615385 0.5229885057471264 0.020432692307692308 0.031609195402298854
1 0.3173076923076923 0.5258620689655172 0.020432692307692308 0.04597701149425287
1 0.28846153846153844 0.5258620689655172 0.028846153846153848 0.07471264367816093
1 0.1875 0.5287356321839081 0.054086538461538464 0.12643678160919541
1 0.6286057692307693 0.5316091954022989 0.018028846153846152 0.040229885057471264
1 0.5456730769230769 0.5316091954022989 0.014423076923076924 0.03735632183908046
1 0.45913461538461536 0.5344827586206896 0.027644230769230768 0.06321839080459771
1 0.7776442307692307 0.5344827586206896 0.020432692307692308 0.04310344827586207
1 0.39783653846153844 0.5344827586206896 0.018028846153846152 0.04885057471264368
1 0.6033653846153846 0.5373563218390804 0.008413461538461538 0.020114942528735632
1 0.49158653846153844 0.5373563218390804 0.02403846153846154 0.06609195402298851
1 0.7091346153846154 0.5431034482758621 0.018028846153846152 0.04310344827586207
1 0.2512019230769231 0.5488505747126436 0.014423076923076924 0.04310344827586207
1 0.42788461538461536 0.5488505747126436 0.03365384615384615 0.08045977011494253
1 0.3605769230769231 0.5517241379310345 0.021634615384615384 0.05172413793103448
1 0.7944711538461539 0.5517241379310345 0.018028846153846152 0.04310344827586207
1 0.6394230769230769 0.5545977011494253 0.016826923076923076 0.034482758620689655
1 0.5721153846153846 0.5574712643678161 0.018028846153846152 0.040229885057471264
1 0.30288461538461536 0.5603448275862069 0.010817307692307692 0.022988505747126436
1 0.7211538461538461 0.5603448275862069 0.009615384615384616 0.014367816091954023
1 0.8257211538461539 0.5632183908045977 0.02283653846153846 0.04885057471264368
1 0.7475961538461539 0.5632183908045977 0.016826923076923076 0.03735632183908046
1 0.31971153846153844 0.5660919540229885 0.016826923076923076 0.04310344827586207
1 0.6766826923076923 0.5660919540229885 0.016826923076923076 0.04597701149425287
1 0.6057692307692307 0.5718390804597702 0.016826923076923076 0.03735632183908046
1 0.5528846153846154 0.5718390804597702 0.015625 0.03735632183908046
1 0.21634615384615385 0.5718390804597702 0.020432692307692308 0.05459770114942529
1 0.6923076923076923 0.5747126436781609 0.01201923076923077 0.03735632183908046
1 0.5108173076923077 0.5747126436781609 0.016826923076923076 0.04310344827586207
1 0.6586538461538461 0.5747126436781609 0.013221153846153846 0.028735632183908046
1 0.6334134615384616 0.5747126436781609 0.008413461538461538 0.02586206896551724
1 0.47475961538461536 0.5775862068965517 0.02403846153846154 0.04597701149425287
1 0.5360576923076923 0.5833333333333334 0.018028846153846152 0.04885057471264368
1 0.7740384615384616 0.5833333333333334 0.015625 0.031609195402298854
1 0.453125 0.5862068965517241 0.013221153846153846 0.03735632183908046
1 0.23557692307692307 0.5862068965517241 0.018028846153846152 0.04885057471264368
1 0.3762019230769231 0.5890804597701149 0.027644230769230768 0.06609195402298851
1 0.34134615384615385 0.5890804597701149 0.021634615384615384 0.05459770114942529
1 0.3004807692307692 0.5919540229885057 0.007211538461538462 0.022988505747126436
1 0.6153846153846154 0.5919540229885057 0.014423076923076924 0.03735632183908046
1 0.28846153846153844 0.5919540229885057 0.015625 0.04885057471264368
1 0.6466346153846154 0.5977011494252874 0.015625 0.03735632183908046
1 0.7103365384615384 0.6005747126436781 0.02283653846153846 0.04885057471264368
0 0.5396634615384616 0.6005747126436781 0.006009615384615385 0.3390804597701149
1 0.8521634615384616 0.603448275862069 0.046875 0.09770114942528736
1 0.4375 0.6091954022988506 0.016826923076923076 0.034482758620689655
1 0.6262019230769231 0.617816091954023 0.013221153846153846 0.034482758620689655
1 0.25240384615384615 0.617816091954023 0.013221153846153846 0.034482758620689655
1 0.7379807692307693 0.617816091954023 0.02403846153846154 0.04597701149425287
1 0.8894230769230769 0.617816091954023 0.010817307692307692 0.02586206896551724
1 0.8088942307692307 0.617816091954023 0.027644230769230768 0.06896551724137931
1 0.49399038461538464 0.617816091954023 0.015625 0.034482758620689655
1 0.5552884615384616 0.6206896551724138 0.021634615384615384 0.05747126436781609
1 0.6911057692307693 0.6264367816091954 0.018028846153846152 0.04885057471264368
1 0.31850961538461536 0.6264367816091954 0.02403846153846154 0.05747126436781609
1 0.27283653846153844 0.6264367816091954 0.021634615384615384 0.0603448275862069
1 0.5192307692307693 0.6293103448275862 0.016826923076923076 0.04310344827586207
1 0.5997596153846154 0.6350574712643678 0.026442307692307692 0.06321839080459771
1 0.23557692307692307 0.6379310344827587 0.018028846153846152 0.04310344827586207
1 0.828125 0.6379310344827587 0.018028846153846152 0.040229885057471264
1 0.6706730769230769 0.6379310344827587 0.019230769230769232 0.04310344827586207
1 0.46274038461538464 0.6379310344827587 0.026442307692307692 0.06321839080459771
1 0.5396634615384616 0.6408045977011494 0.01201923076923077 0.028735632183908046
1 0.7836538461538461 0.6436781609195402 0.025240384615384616 0.05459770114942529
1 0.2932692307692308 0.646551724137931 0.013221153846153846 0.028735632183908046
1 0.3449519230769231 0.6494252873563219 0.018028846153846152 0.05459770114942529
1 0.48677884615384615 0.6522988505747126 0.016826923076923076 0.040229885057471264
1 0.15625 0.6522988505747126 0.038461538461538464 0.08620689655172414
1 0.3629807692307692 0.6551724137931034 0.01201923076923077 0.034482758620689655
1 0.7487980769230769 0.6580459770114943 0.016826923076923076 0.034482758620689655
1 0.19951923076923078 0.6580459770114943 0.040865384615384616 0.09195402298850575
1 0.30408653846153844 0.6580459770114943 0.010817307692307692 0.02586206896551724
1 0.7007211538461539 0.6580459770114943 0.018028846153846152 0.04310344827586207
1 0.4230769230769231 0.6609195402298851 0.020432692307692308 0.05747126436781609
1 0.5757211538461539 0.6637931034482759 0.019230769230769232 0.04310344827586207
1 0.2776442307692308 0.6666666666666666 0.009615384615384616 0.022988505747126436
1 0.8942307692307693 0.6666666666666666 0.040865384615384616 0.08045977011494253
1 0.5108173076923077 0.6695402298850575 0.021634615384615384 0.04885057471264368
1 0.65625 0.6724137931034483 0.018028846153846152 0.04597701149425287
1 0.6225961538461539 0.6724137931034483 0.027644230769230768 0.06609195402298851
1 0.5288461538461539 0.6752873563218391 0.013221153846153846 0.03735632183908046
1 0.7932692307692307 0.6781609195402298 0.016826923076923076 0.03735632183908046
1 0.6778846153846154 0.6839080459770115 0.021634615384615384 0.05747126436781609
1 0.5516826923076923 0.6867816091954023 0.02403846153846154 0.06609195402298851
1 0.22716346153846154 0.6867816091954023 0.019230769230769232 0.05459770114942529
1 0.8112980769230769 0.6867816091954023 0.016826923076923076 0.034482758620689655
1 0.3137019230769231 0.6867816091954023 0.019230769230769232 0.04310344827586207
1 0.2932692307692308 0.6867816091954023 0.016826923076923076 0.040229885057471264
1 0.390625 0.6925287356321839 0.05048076923076923 0.11781609195402298
1 0.6033653846153846 0.6925287356321839 0.015625 0.040229885057471264
1 0.49038461538461536 0.6954022988505747 0.018028846153846152 0.04885057471264368
1 0.13581730769230768 0.6954022988505747 0.016826923076923076 0.03735632183908046
1 0.8569711538461539 0.6982758620689655 0.03485576923076923 0.07758620689655173
1 0.7692307692307693 0.7011494252873564 0.03365384615384615 0.07758620689655173
1 0.7139423076923077 0.7040229885057471 0.019230769230769232 0.04597701149425287
1 0.16466346153846154 0.7126436781609196 0.020432692307692308 0.03735632183908046
1 0.34134615384615385 0.7126436781609196 0.013221153846153846 0.03735632183908046
1 0.3581730769230769 0.7155172413793104 0.016826923076923076 0.03735632183908046
1 0.4543269230769231 0.7183908045977011 0.036057692307692304 0.08333333333333333
1 0.6466346153846154 0.7183908045977011 0.025240384615384616 0.0603448275862069
1 0.32091346153846156 0.7212643678160919 0.015625 0.040229885057471264
1 0.19230769230769232 0.7212643678160919 0.025240384615384616 0.05459770114942529
1 0.7043269230769231 0.7270114942528736 0.01201923076923077 0.034482758620689655
1 0.5348557692307693 0.7270114942528736 0.025240384615384616 0.05459770114942529
1 0.7944711538461539 0.7298850574712644 0.018028846153846152 0.040229885057471264
1 0.7379807692307693 0.7327586206896551 0.02403846153846154 0.06896551724137931
1 0.5024038461538461 0.7327586206896551 0.014423076923076924 0.028735632183908046
1 0.2980769230769231 0.7327586206896551 0.019230769230769232 0.04597701149425287
1 0.671875 0.735632183908046 0.019230769230769232 0.04310344827586207
1 0.5745192307692307 0.735632183908046 0.028846153846153848 0.06896551724137931
1 0.6237980769230769 0.735632183908046 0.010817307692307692 0.022988505747126436
1 0.8774038461538461 0.735632183908046 0.019230769230769232 0.04597701149425287
1 0.8185096153846154 0.735632183908046 0.027644230769230768 0.0603448275862069
1 0.4230769230769231 0.7385057471264368 0.020432692307692308 0.05172413793103448
1 0.25841346153846156 0.7385057471264368 0.040865384615384616 0.09482758620689655
1 0.9122596153846154 0.7442528735632183 0.026442307692307692 0.04885057471264368
1 0.9387019230769231 0.7528735632183908 0.03125 0.04885057471264368
1 0.48677884615384615 0.7557471264367817 0.025240384615384616 0.040229885057471264
1 0.6069711538461539 0.7557471264367817 0.030048076923076924 0.06896551724137931
1 0.8521634615384616 0.7557471264367817 0.014423076923076924 0.028735632183908046
1 0.5180288461538461 0.7586206896551724 0.016826923076923076 0.03735632183908046
1 0.8954326923076923 0.7614942528735632 0.018028846153846152 0.028735632183908046
1 0.6814903846153846 0.7614942528735632 0.018028846153846152 0.03735632183908046
1 0.40024038461538464 0.7672413793103449 0.018028846153846152 0.03735632183908046
1 0.16706730769230768 0.7672413793103449 0.021634615384615384 0.04310344827586207
1 0.6634615384615384 0.7701149425287356 0.014423076923076924 0.034482758620689655
1 0.7151442307692307 0.7701149425287356 0.019230769230769232 0.031609195402298854
1 0.4362980769230769 0.7787356321839081 0.014423076923076924 0.02586206896551724
1 0.31971153846153844 0.7787356321839081 0.020432692307692308 0.040229885057471264
1 0.6358173076923077 0.7787356321839081 0.013221153846153846 0.02586206896551724
1 0.7680288461538461 0.7787356321839081 0.016826923076923076 0.031609195402298854
1 0.19110576923076922 0.7787356321839081 0.02403846153846154 0.04597701149425287
1 0.1201923076923077 0.7816091954022989 0.042067307692307696 0.09770114942528736
1 0.8052884615384616 0.7816091954022989 0.013221153846153846 0.031609195402298854
1 0.2848557692307692 0.7816091954022989 0.026442307692307692 0.04310344827586207
1 0.33774038461538464 0.7844827586206896 0.013221153846153846 0.022988505747126436
1 0.16706730769230768 0.8103448275862069 0.015625 0.031609195402298854
1 0.5877403846153846 0.2471264367816092 0.021634615384615384 0.04310344827586207
1 0.7019230769230769 0.25 0.025240384615384616 0.05747126436781609
1 0.5528846153846154 0.25287356321839083 0.03125 0.07183908045977011
1 0.38221153846153844 0.25862068965517243 0.015625 0.040229885057471264
1 0.4206730769230769 0.2614942528735632 0.026442307692307692 0.06896551724137931
1 0.48197115384615385 0.2672413793103448 0.027644230769230768 0.0603448275862069
1 0.5096153846153846 0.27011494252873564 0.02283653846153846 0.05747126436781609
1 0.6237980769230769 0.27011494252873564 0.02283653846153846 0.04310344827586207
1 0.30408653846153844 0.27586206896551724 0.021634615384615384 0.04885057471264368
1 0.39663461538461536 0.27586206896551724 0.019230769230769232 0.05459770114942529
1 0.6802884615384616 0.28160919540229884 0.015625 0.028735632183908046
1 0.7295673076923077 0.28735632183908044 0.026442307692307692 0.05459770114942529
1 0.5757211538461539 0.29022988505747127 0.019230769230769232 0.04310344827586207
1 0.36538461538461536 0.29022988505747127 0.020432692307692308 0.04597701149425287
1 0.33413461538461536 0.29022988505747127 0.019230769230769232 0.04885057471264368
1 0.6610576923076923 0.29310344827586204 0.015625 0.040229885057471264