1 0.6201923076923077 0.2824858757062147 0.027644230769230768 0.07062146892655367
1 0.53125 0.2853107344632768 0.02283653846153846 0.0480225988700565
1 0.40024038461538464 0.288135593220339 0.018028846153846152 0.03389830508474576
1 0.6622596153846154 0.288135593220339 0.028846153846153848 0.062146892655367235
1 0.2127403846153846 0.2909604519774011 0.021634615384615384 0.0480225988700565
1 0.1622596153846154 0.2909604519774011 0.02403846153846154 0.0480225988700565
1 0.2776442307692308 0.2909604519774011 0.019230769230769232 0.03672316384180791
1 0.3125 0.2966101694915254 0.020432692307692308 0.05084745762711865
1 0.3293269230769231 0.2966101694915254 0.018028846153846152 0.04519774011299435
1 0.7788461538461539 0.2966101694915254 0.030048076923076924 0.07909604519774012
1 0.6947115384615384 0.2994350282485876 0.028846153846153848 0.059322033898305086
1 0.34975961538461536 0.3050847457627119 0.026442307692307692 0.05084745762711865
1 0.5492788461538461 0.3050847457627119 0.013221153846153846 0.02824858757062147
1 0.5853365384615384 0.307909604519774 0.025240384615384616 0.0480225988700565
1 0.5132211538461539 0.307909604519774 0.02283653846153846 0.05649717514124294
1 0.25240384615384615 0.3107344632768362 0.014423076923076924 0.02824858757062147
1 0.38221153846153844 0.3135593220338983 0.025240384615384616 0.06779661016949153
1 0.4254807692307692 0.3135593220338983 0.026442307692307692 0.05649717514124294
1 0.5288461538461539 0.3163841807909605 0.007211538461538462 0.022598870056497175
1 0.4567307692307692 0.3192090395480226 0.030048076923076924 0.07627118644067797
1 0.4891826923076923 0.3220338983050847 0.013221153846153846 0.01977401129943503
1 0.6069711538461539 0.3220338983050847 0.014423076923076924 0.03954802259887006
1 0.7211538461538461 0.3220338983050847 0.015625 0.031073446327683617
1 0.6322115384615384 0.327683615819209 0.006009615384615385 0.025423728813559324
1 0.1935096153846154 0.327683615819209 0.027644230769230768 0.07344632768361582
1 0.5661057692307693 0.327683615819209 0.026442307692307692 0.06497175141242938
1 0.4014423076923077 0.3305084745762712 0.030048076923076924 0.05367231638418079
1 0.6454326923076923 0.3333333333333333 0.018028846153846152 0.05084745762711865
1 0.734375 0.3361581920903955 0.01201923076923077 0.03389830508474576
1 0.2956730769230769 0.3389830508474576 0.016826923076923076 0.03672316384180791
1 0.2704326923076923 0.3418079096045198 0.018028846153846152 0.0423728813559322
1 0.2512019230769231 0.3418079096045198 0.019230769230769232 0.04519774011299435
1 0.6225961538461539 0.3418079096045198 0.009615384615384616 0.02824858757062147
1 0.22716346153846154 0.3418079096045198 0.030048076923076924 0.06497175141242938
1 0.5396634615384616 0.3418079096045198 0.016826923076923076 0.04519774011299435
1 0.7512019230769231 0.3474576271186441 0.015625 0.03672316384180791
1 0.36778846153846156 0.3474576271186441 0.02283653846153846 0.03954802259887006
1 0.7091346153846154 0.3474576271186441 0.016826923076923076 0.0423728813559322
1 0.3389423076923077 0.3531073446327684 0.02403846153846154 0.06497175141242938
1 0.8004807692307693 0.3559322033898305 0.021634615384615384 0.062146892655367235
1 0.6850961538461539 0.3559322033898305 0.03125 0.10451977401129943
1 0.7776442307692307 0.3559322033898305 0.01201923076923077 0.031073446327683617
1 0.4951923076923077 0.3587570621468927 0.03245192307692308 0.06497175141242938
1 0.171875 0.3615819209039548 0.03485576923076923 0.07062146892655367
1 0.3076923076923077 0.3644067796610169 0.020432692307692308 0.05367231638418079
1 0.7668269230769231 0.3672316384180791 0.015625 0.03954802259887006
1 0.6310096153846154 0.3672316384180791 0.008413461538461538 0.025423728813559324
1 0.5216346153846154 0.3728813559322034 0.021634615384615384 0.05084745762711865
1 0.5829326923076923 0.3757062146892655 0.02403846153846154 0.05084745762711865
1 0.28725961538461536 0.3757062146892655 0.019230769230769232 0.0423728813559322
1 0.609375 0.3785310734463277 0.021634615384615384 0.0480225988700565
1 0.20552884615384615 0.3785310734463277 0.010817307692307692 0.02824858757062147
1 0.42788461538461536 0.3813559322033898 0.015625 0.03954802259887006
1 0.6490384615384616 0.384180790960452 0.010817307692307692 0.02824858757062147
1 0.4567307692307692 0.3870056497175141 0.025240384615384616 0.0480225988700565
1 0.7848557692307693 0.3870056497175141 0.013221153846153846 0.03672316384180791
1 0.35336538461538464 0.3898305084745763 0.013221153846153846 0.03389830508474576
1 0.09735576923076923 0.3898305084745763 0.018028846153846152 0.05649717514124294
1 0.5396634615384616 0.3926553672316384 0.016826923076923076 0.0423728813559322
1 0.2439903846153846 0.3954802259887006 0.027644230769230768 0.05084745762711865
1 0.7319711538461539 0.3983050847457627 0.036057692307692304 0.0847457627118644
1 0.5600961538461539 0.403954802259887 0.020432692307692308 0.059322033898305086
1 0.1466346153846154 0.403954802259887 0.030048076923076924 0.06779661016949153
1 0.39302884615384615 0.4067796610169492 0.02403846153846154 0.06497175141242938
1 0.6298076923076923 0.4096045197740113 0.021634615384615384 0.05084745762711865
1 0.3329326923076923 0.4096045197740113 0.018028846153846152 0.04519774011299435
1 0.19230769230769232 0.4096045197740113 0.020432692307692308 0.059322033898305086
1 0.7620192307692307 0.4124293785310734 0.025240384615384616 0.059322033898305086
1 0.3125 0.4124293785310734 0.018028846153846152 0.03672316384180791
1 0.41947115384615385 0.4152542372881356 0.021634615384615384 0.0480225988700565
1 0.5949519230769231 0.4152542372881356 0.019230769230769232 0.0480225988700565
1 0.36778846153846156 0.4180790960451977 0.020432692307692308 0.05367231638418079
1 0.6971153846153846 0.4180790960451977 0.010817307692307692 0.022598870056497175
1 0.8076923076923077 0.4209039548022599 0.02403846153846154 0.06497175141242938
1 0.5048076923076923 0.4209039548022599 0.02403846153846154 0.05649717514124294
1 0.6586538461538461 0.423728813559322 0.030048076923076924 0.0847457627118644
1 0.21514423076923078 0.4265536723163842 0.025240384615384616 0.05367231638418079
1 0.5769230769230769 0.4265536723163842 0.015625 0.031073446327683617
1 0.2980769230769231 0.4322033898305085 0.020432692307692308 0.05084745762711865
1 0.7067307692307693 0.4350282485875706 0.013221153846153846 0.02824858757062147
1 0.11177884615384616 0.4350282485875706 0.026442307692307692 0.07344632768361582
1 0.5264423076923077 0.4350282485875706 0.025240384615384616 0.06497175141242938
1 0.3545673076923077 0.4378531073446328 0.02283653846153846 0.059322033898305086
1 0.6129807692307693 0.4406779661016949 0.018028846153846152 0.05084745762711865
1 0.7836538461538461 0.4406779661016949 0.019230769230769232 0.0480225988700565
1 0.7524038461538461 0.4406779661016949 0.015625 0.031073446327683617
1 0.4483173076923077 0.4406779661016949 0.015625 0.03672316384180791
1 0.27524038461538464 0.4463276836158192 0.015625 0.05084745762711865
1 0.6346153846153846 0.4463276836158192 0.01201923076923077 0.025423728813559324
2 0.515625 0.4463276836158192 0.8557692307692307 0.692090395480226
1 0.46634615384615385 0.4491525423728814 0.016826923076923076 0.0423728813559322
1 0.4362980769230769 0.4491525423728814 0.015625 0.04519774011299435
1 0.24759615384615385 0.4548022598870056 0.030048076923076924 0.05649717514124294
1 0.1778846153846154 0.4548022598870056 0.016826923076923076 0.05649717514124294
1 0.7223557692307693 0.4548022598870056 0.010817307692307692 0.025423728813559324
1 0.15745192307692307 0.4576271186440678 0.020432692307692308 0.0480225988700565
1 0.7379807692307693 0.4632768361581921 0.015625 0.03672316384180791
1 0.48677884615384615 0.4632768361581921 0.025240384615384616 0.05084745762711865
1 0.19471153846153846 0.4661016949152542 0.016826923076923076 0.05084745762711865
1 0.3137019230769231 0.4661016949152542 0.009615384615384616 0.02824858757062147
1 0.38100961538461536 0.4661016949152542 0.015625 0.03389830508474576
1 0.39302884615384615 0.4661016949152542 0.015625 0.03954802259887006
1 0.5516826923076923 0.4689265536723164 0.018028846153846152 0.04519774011299435
1 0.7728365384615384 0.4689265536723164 0.009615384615384616 0.02824858757062147
1 0.8125 0.4689265536723164 0.019230769230769232 0.03954802259887006
1 0.8305288461538461 0.4717514124293785 0.016826923076923076 0.0423728813559322
1 0.5889423076923077 0.4717514124293785 0.019230769230769232 0.03954802259887006
1 0.7596153846153846 0.4717514124293785 0.01201923076923077 0.03389830508474576
1 0.6862980769230769 0.4745762711864407 0.039663461538461536 0.07344632768361582
1 0.4170673076923077 0.4745762711864407 0.025240384615384616 0.06497175141242938
1 0.7944711538461539 0.4745762711864407 0.013221153846153846 0.03672316384180791
1 0.5288461538461539 0.4745762711864407 0.008413461538461538 0.01694915254237288
1 0.5144230769230769 0.4774011299435028 0.016826923076923076 0.03389830508474576
1 0.30528846153846156 0.480225988700565 0.018028846153846152 0.03672316384180791
1 0.4567307692307692 0.4830508474576271 0.015625 0.0423728813559322
1 0.6442307692307693 0.4830508474576271 0.019230769230769232 0.0480225988700565
1 0.5661057692307693 0.4830508474576271 0.013221153846153846 0.03389830508474576
1 0.7103365384615384 0.4858757062146893 0.015625 0.031073446327683617
1 0.13822115384615385 0.4858757062146893 0.03125 0.06497175141242938
1 0.6189903846153846 0.4858757062146893 0.021634615384615384 0.05649717514124294
1 0.7824519230769231 0.4943502824858757 0.013221153846153846 0.02824858757062147
1 0.7536057692307693 0.4943502824858757 0.007211538461538462 0.01694915254237288
1 0.3605769230769231 0.4943502824858757 0.021634615384615384 0.05084745762711865
1 0.4987980769230769 0.4943502824858757 0.013221153846153846 0.03954802259887006
1 0.2860576923076923 0.4971751412429379 0.02403846153846154 0.06497175141242938
1 0.47596153846153844 0.4971751412429379 0.019230769230769232 0.03954802259887006
1 0.5793269230769231 0.5 0.018028846153846152 0.0423728813559322
1 0.7692307692307693 0.5028248587570622 0.014423076923076924 0.0423728813559322
1 0.5420673076923077 0.5028248587570622 0.014423076923076924 0.031073446327683617
1 0.7415865384615384 0.5028248587570622 0.016826923076923076 0.0423728813559322
1 0.8233173076923077 0.5056497175141242 0.010817307692307692 0.025423728813559324
1 0.5985576923076923 0.5084745762711864 0.020432692307692308 0.04519774011299435
1 0.4074519230769231 0.5084745762711864 0.019230769230769232 0.03389830508474576
1 0.6622596153846154 0.5084745762711864 0.02283653846153846 0.05649717514124294
1 0.16706730769230768 0.5112994350282486 0.027644230769230768 0.05367231638418079
1 0.33533653846153844 0.5112994350282486 0.037259615384615384 0.11299435028248588
1 0.84375 0.5141242937853108 0.02283653846153846 0.059322033898305086
1 0.7560096153846154 0.5169491525423728 0.009615384615384616 0.025423728813559324
1 0.4362980769230769 0.5169491525423728 0.028846153846153848 0.05367231638418079
1 0.8004807692307693 0.5169491525423728 0.015625 0.0423728813559322
1 0.6394230769230769 0.519774011299435 0.015625 0.03954802259887006
1 0.19471153846153846 0.519774011299435 0.027644230769230768 0.05649717514124294
1 0.3762019230769231 0.5225988700564972 0.02283653846153846 0.07062146892655367
1 0.7836538461538461 0.5254237288135594 0.01201923076923077 0.02824858757062147
1 0.5096153846153846 0.5254237288135594 0.013221153846153846 0.03672316384180791
1 0.22115384615384615 0.5254237288135594 0.016826923076923076 0.04519774011299435
1 0.3004807692307692 0.5282485875706214 0.019230769230769232 0.0423728813559322
1 0.25841346153846156 0.5282485875706214 0.02283653846153846 0.05084745762711865
1 0.23557692307692307 0.5310734463276836 0.015625 0.03389830508474576
1 0.46033653846153844 0.5310734463276836 0.02283653846153846 0.05367231638418079
1 0.6225961538461539 0.5338983050847458 0.009615384615384616 0.01977401129943503
1 0.7199519230769231 0.5338983050847458 0.020432692307692308 0.0480225988700565
1 0.4879807692307692 0.536723163841808 0.025240384615384616 0.06497175141242938
1 0.5300480769230769 0.536723163841808 0.019230769230769232 0.05649717514124294
1 0.6117788461538461 0.536723163841808 0.01201923076923077 0.02824858757062147
1 0.7644230769230769 0.53954802259887 0.006009615384615385 0.01694915254237288
1 0.6935096153846154 0.53954802259887 0.02283653846153846 0.05084745762711865
1 0.390625 0.53954802259887 0.019230769230769232 0.05367231638418079
1 0.8221153846153846 0.5423728813559322 0.03125 0.05649717514124294
1 0.14302884615384615 0.5423728813559322 0.025240384615384616 0.05367231638418079
1 0.5745192307692307 0.5451977401129944 0.015625 0.04519774011299435
1 0.7728365384615384 0.5480225988700564 0.013221153846153846 0.025423728813559324
1 0.59375 0.5508474576271186 0.016826923076923076 0.04519774011299435
1 0.5552884615384616 0.5536723163841808 0.027644230769230768 0.059322033898305086
1 0.6730769230769231 0.5536723163841808 0.016826923076923076 0.0423728813559322
1 0.640625 0.5536723163841808 0.01201923076923077 0.031073446327683617
1 0.20793269230769232 0.5536723163841808 0.013221153846153846 0.031073446327683617
1 0.4110576923076923 0.5536723163841808 0.02283653846153846 0.05367231638418079
1 0.7980769230769231 0.556497175141243 0.01201923076923077 0.031073446327683617
1 0.625 0.559322033898305 0.010817307692307692 0.025423728813559324
1 0.17548076923076922 0.559322033898305 0.030048076923076924 0.05084745762711865
1 0.7836538461538461 0.5621468926553672 0.014423076923076924 0.02824858757062147
1 0.22115384615384615 0.5621468926553672 0.014423076923076924 0.03389830508474576
1 0.7512019230769231 0.5621468926553672 0.018028846153846152 0.04519774011299435
1 0.23677884615384615 0.5677966101694916 0.02283653846153846 0.04519774011299435
1 0.8665865384615384 0.5677966101694916 0.030048076923076924 0.08192090395480225
1 0.7668269230769231 0.5677966101694916 0.008413461538461538 0.01694915254237288
1 0.2860576923076923 0.5706214689265536 0.026442307692307692 0.06497175141242938
1 0.4375 0.5734463276836158 0.016826923076923076 0.03389830508474576
1 0.7055288461538461 0.5734463276836158 0.014423076923076924 0.03672316384180791
1 0.37740384615384615 0.5734463276836158 0.018028846153846152 0.04519774011299435
1 0.7223557692307693 0.5734463276836158 0.015625 0.031073446327683617
1 0.6334134615384616 0.5734463276836158 0.006009615384615385 0.01694915254237288
1 0.33774038461538464 0.576271186440678 0.015625 0.0423728813559322
1 0.31971153846153844 0.576271186440678 0.02403846153846154 0.05649717514124294
1 0.6586538461538461 0.5790960451977402 0.018028846153846152 0.05084745762711865
1 0.11658653846153846 0.5819209039548022 0.039663461538461536 0.0903954802259887
1 0.4230769230769231 0.5819209039548022 0.01201923076923077 0.031073446327683617
1 0.5036057692307693 0.5819209039548022 0.021634615384615384 0.06497175141242938
1 0.25841346153846156 0.5847457627118644 0.021634615384615384 0.0480225988700565
1 0.6850961538461539 0.5847457627118644 0.016826923076923076 0.03672316384180791
1 0.6081730769230769 0.5847457627118644 0.027644230769230768 0.062146892655367235
1 0.5817307692307693 0.5847457627118644 0.019230769230769232 0.0480225988700565
1 0.8293269230769231 0.5847457627118644 0.014423076923076924 0.03389830508474576
1 0.7512019230769231 0.5932203389830508 0.01201923076923077 0.022598870056497175
1 0.7331730769230769 0.596045197740113 0.01201923076923077 0.031073446327683617
1 0.7427884615384616 0.5988700564971752 0.009615384615384616 0.025423728813559324
1 0.23677884615384615 0.5988700564971752 0.014423076923076924 0.02824858757062147
1 0.17067307692307693 0.6016949152542372 0.01201923076923077 0.03389830508474576
1 0.48197115384615385 0.6045197740112994 0.03245192307692308 0.07344632768361582
1 0.390625 0.6045197740112994 0.016826923076923076 0.031073446327683617
1 0.7764423076923077 0.6045197740112994 0.018028846153846152 0.0423728813559322
1 0.8413461538461539 0.6073446327683616 0.016826923076923076 0.03672316384180791
1 0.30528846153846156 0.6073446327683616 0.021634615384615384 0.0423728813559322
1 0.8064903846153846 0.6101694915254238 0.015625 0.03954802259887006
1 0.5336538461538461 0.6101694915254238 0.02283653846153846 0.05367231638418079
1 0.43028846153846156 0.6101694915254238 0.014423076923076924 0.03672316384180791
1 0.40865384615384615 0.6129943502824858 0.02283653846153846 0.05084745762711865
1 0.6706730769230769 0.615819209039548 0.02403846153846154 0.05084745762711865
1 0.32211538461538464 0.615819209039548 0.016826923076923076 0.03672316384180791
1 0.8713942307692307 0.615819209039548 0.015625 0.03389830508474576
1 0.45072115384615385 0.615819209039548 0.016826923076923076 0.04519774011299435
1 0.203125 0.6186440677966102 0.030048076923076924 0.07344632768361582
1 0.6322115384615384 0.6186440677966102 0.021634615384615384 0.05649717514124294
1 0.8305288461538461 0.6214689265536724 0.009615384615384616 0.01977401129943503
1 0.6971153846153846 0.6214689265536724 0.016826923076923076 0.04519774011299435
1 0.71875 0.6214689265536724 0.021634615384615384 0.05084745762711865
1 0.7608173076923077 0.6242937853107344 0.013221153846153846 0.031073446327683617
1 0.8173076923076923 0.6242937853107344 0.004807692307692308 0.014124293785310734
1 0.34375 0.6242937853107344 0.02283653846153846 0.05084745762711865
1 0.5120192307692307 0.6271186440677966 0.008413461538461538 0.01977401129943503
1 0.15384615384615385 0.632768361581921 0.030048076923076924 0.06497175141242938
1 0.3786057692307692 0.632768361581921 0.025240384615384616 0.05649717514124294
1 0.4230769230769231 0.635593220338983 0.01201923076923077 0.02824858757062147
1 0.7367788461538461 0.6384180790960452 0.025240384615384616 0.05084745762711865
1 0.8209134615384616 0.6384180790960452 0.010817307692307692 0.01977401129943503
1 0.59375 0.6384180790960452 0.021634615384615384 0.05367231638418079
1 0.5612980769230769 0.6412429378531074 0.02283653846153846 0.07062146892655367
1 0.2608173076923077 0.6412429378531074 0.014423076923076924 0.03954802259887006
1 0.4567307692307692 0.6412429378531074 0.008413461538461538 0.01977401129943503
1 0.2776442307692308 0.6440677966101694 0.02283653846153846 0.062146892655367235
1 0.7740384615384616 0.6468926553672316 0.018028846153846152 0.03672316384180791
1 0.49399038461538464 0.6468926553672316 0.006009615384615385 0.014124293785310734
1 0.8521634615384616 0.6468926553672316 0.021634615384615384 0.05367231638418079
1 0.23798076923076922 0.6468926553672316 0.025240384615384616 0.059322033898305086
1 0.7980769230769231 0.6497175141242938 0.015625 0.03672316384180791
1 0.8858173076923077 0.6497175141242938 0.027644230769230768 0.059322033898305086
1 0.6875 0.652542372881356 0.014423076923076924 0.031073446327683617
1 0.33413461538461536 0.652542372881356 0.007211538461538462 0.022598870056497175
1 0.5144230769230769 0.6581920903954802 0.009615384615384616 0.02824858757062147
1 0.6177884615384616 0.6581920903954802 0.018028846153846152 0.0423728813559322
1 0.004206730769230769 0.6610169491525424 0.008413461538461538 0.06779661016949153
1 0.7572115384615384 0.6610169491525424 0.016826923076923076 0.03954802259887006
1 0.65625 0.6610169491525424 0.020432692307692308 0.04519774011299435
1 0.8293269230769231 0.6610169491525424 0.01201923076923077 0.03389830508474576
1 0.53125 0.6610169491525424 0.019230769230769232 0.0480225988700565
1 0.8125 0.6610169491525424 0.015625 0.031073446327683617
1 0.7199519230769231 0.6638418079096046 0.015625 0.03954802259887006
1 0.48197115384615385 0.6638418079096046 0.018028846153846152 0.03672316384180791
1 0.578125 0.6666666666666666 0.015625 0.0423728813559322
1 0.36177884615384615 0.6666666666666666 0.021634615384615384 0.05084745762711865
1 0.6382211538461539 0.6666666666666666 0.01201923076923077 0.025423728813559324
1 0.4495192307692308 0.6666666666666666 0.013221153846153846 0.031073446327683617
1 0.39783653846153844 0.6694915254237288 0.02283653846153846 0.062146892655367235
1 0.7007211538461539 0.6694915254237288 0.016826923076923076 0.03672316384180791
1 0.30408653846153844 0.672316384180791 0.020432692307692308 0.05084745762711865
1 0.6754807692307693 0.672316384180791 0.014423076923076924 0.03954802259887006
1 0.03365384615384615 0.6779661016949152 0.02403846153846154 0.05084745762711865
1 0.6057692307692307 0.6779661016949152 0.014423076923076924 0.02824858757062147
1 0.1814903846153846 0.6779661016949152 0.03365384615384615 0.08192090395480225
1 0.4254807692307692 0.6779661016949152 0.015625 0.04519774011299435
1 0.3233173076923077 0.6807909604519774 0.014423076923076924 0.0423728813559322
1 0.8425480769230769 0.6807909604519774 0.015625 0.03389830508474576
1 0.6442307692307693 0.6807909604519774 0.007211538461538462 0.01977401129943503
1 0.9026442307692307 0.6807909604519774 0.015625 0.0423728813559322
1 0.8545673076923077 0.6836158192090396 0.01201923076923077 0.03389830508474576
1 0.46153846153846156 0.6864406779661016 0.016826923076923076 0.0480225988700565
1 0.21634615384615385 0.6864406779661016 0.028846153846153848 0.07627118644067797
1 0.8016826923076923 0.6864406779661016 0.02283653846153846 0.03954802259887006
1 0.8185096153846154 0.6864406779661016 0.014423076923076924 0.03954802259887006
1 0.44350961538461536 0.6892655367231638 0.015625 0.03954802259887006
1 0.7788461538461539 0.6892655367231638 0.019230769230769232 0.04519774011299435
1 0.7331730769230769 0.692090395480226 0.016826923076923076 0.03672316384180791
1 0.5504807692307693 0.692090395480226 0.020432692307692308 0.05084745762711865
1 0.3798076923076923 0.6949152542372882 0.020432692307692308 0.0423728813559322
1 0.7115384615384616 0.6949152542372882 0.015625 0.031073446327683617
1 0.33653846153846156 0.6977401129943502 0.015625 0.03954802259887006
1 0.2704326923076923 0.7005649717514124 0.020432692307692308 0.05367231638418079
1 0.35096153846153844 0.7005649717514124 0.013221153846153846 0.03672316384180791
1 0.515625 0.7005649717514124 0.018028846153846152 0.03954802259887006
1 0.6310096153846154 0.7005649717514124 0.019230769230769232 0.0423728813559322
1 0.8329326923076923 0.7005649717514124 0.01201923076923077 0.025423728813559324
1 0.06610576923076923 0.7033898305084746 0.02403846153846154 0.05649717514124294
1 0.6634615384615384 0.7033898305084746 0.015625 0.03672316384180791
1 0.49399038461538464 0.7033898305084746 0.025240384615384616 0.05649717514124294
1 0.010817307692307692 0.7062146892655368 0.021634615384615384 0.05367231638418079
1 0.8713942307692307 0.7062146892655368 0.014423076923076924 0.031073446327683617
1 0.5673076923076923 0.7062146892655368 0.015625 0.0423728813559322
1 0.7548076923076923 0.7062146892655368 0.019230769230769232 0.05084745762711865
1 0.5865384615384616 0.7090395480225988 0.020432692307692308 0.04519774011299435
1 0.2403846153846154 0.7090395480225988 0.02283653846153846 0.05367231638418079
1 0.84375 0.7090395480225988 0.013221153846153846 0.025423728813559324
1 0.5324519230769231 0.7090395480225988 0.010817307692307692 0.025423728813559324
1 0.9254807692307693 0.711864406779661 0.016826923076923076 0.02824858757062147
1 0.6850961538461539 0.711864406779661 0.018028846153846152 0.04519774011299435
1 0.6466346153846154 0.711864406779661 0.013221153846153846 0.03672316384180791
1 0.8954326923076923 0.711864406779661 0.008413461538461538 0.014124293785310734
1 0.9146634615384616 0.7146892655367232 0.007211538461538462 0.025423728813559324
1 0.6117788461538461 0.7146892655367232 0.019230769230769232 0.03954802259887006
1 0.8822115384615384 0.7146892655367232 0.004807692307692308 0.01977401129943503
1 0.8245192307692307 0.7175141242937854 0.015625 0.02824858757062147
1 0.31490384615384615 0.7175141242937854 0.019230769230769232 0.05084745762711865
1 0.3641826923076923 0.7175141242937854 0.015625 0.03672316384180791
1 0.7740384615384616 0.7231638418079096 0.008413461538461538 0.025423728813559324
1 0.7872596153846154 0.7288135593220338 0.01201923076923077 0.022598870056497175
1 0.29447115384615385 0.7288135593220338 0.014423076923076924 0.03954802259887006
1 0.703125 0.731638418079096 0.014423076923076924 0.03389830508474576
1 0.7235576923076923 0.731638418079096 0.016826923076923076 0.03389830508474576
1 0.5180288461538461 0.731638418079096 0.007211538461538462 0.01694915254237288
1 0.6574519230769231 0.731638418079096 0.01201923076923077 0.025423728813559324
1 0.6237980769230769 0.7344632768361582 0.015625 0.031073446327683617
1 0.5060096153846154 0.7344632768361582 0.013221153846153846 0.02824858757062147
1 0.5252403846153846 0.7344632768361582 0.01201923076923077 0.03389830508474576
1 0.03245192307692308 0.7344632768361582 0.025240384615384616 0.0480225988700565
1 0.5997596153846154 0.7372881355932204 0.018028846153846152 0.03954802259887006
1 0.5528846153846154 0.7401129943502824 0.02283653846153846 0.0480225988700565
1 0.5697115384615384 0.7429378531073446 0.014423076923076924 0.03389830508474576
1 0.453125 0.7457627118644068 0.025240384615384616 0.062146892655367235
1 0.3954326923076923 0.7457627118644068 0.019230769230769232 0.05649717514124294
1 0.41947115384615385 0.751412429378531 0.026442307692307692 0.06497175141242938
1 0.47596153846153844 0.751412429378531 0.015625 0.0480225988700565
1 0.49158653846153844 0.751412429378531 0.019230769230769232 0.03389830508474576
1 0.5180288461538461 0.751412429378531 0.009615384615384616 0.01977401129943503
1 0.005408653846153846 0.7598870056497176 0.010817307692307692 0.05084745762711865
1 0.36899038461538464 0.7598870056497176 0.016826923076923076 0.0423728813559322
1 0.3473557692307692 0.7627118644067796 0.018028846153846152 0.0480225988700565
1 0.2980769230769231 0.16666666666666666 0.025240384615384616 0.07062146892655367
1 0.24879807692307693 0.1807909604519774 0.038461538461538464 0.09322033898305085
1 0.19110576923076922 0.19491525423728814 0.046875 0.11016949152542373
1 0.4951923076923077 0.1977401129943503 0.027644230769230768 0.07344632768361582
1 0.3557692307692308 0.1977401129943503 0.021634615384615384 0.05084745762711865
1 0.32091346153846156 0.20056497175141244 0.021634615384615384 0.059322033898305086
1 0.5204326923076923 0.2062146892655367 0.013221153846153846 0.03672316384180791
1 0.4230769230769231 0.20903954802259886 0.020432692307692308 0.05084745762711865
1 0.59375 0.211864406779661 0.025240384615384616 0.059322033898305086
1 0.4567307692307692 0.211864406779661 0.013221153846153846 0.031073446327683617
1 0.27403846153846156 0.21468926553672316 0.019230769230769232 0.0423728813559322
1 0.5588942307692307 0.2175141242937853 0.009615384615384616 0.031073446327683617
1 0.5396634615384616 0.2231638418079096 0.025240384615384616 0.07344632768361582
1 0.515625 0.2344632768361582 0.015625 0.031073446327683617
1 0.34134615384615385 0.2401129943502825 0.03125 0.06779661016949153
1 0.22235576923076922 0.2401129943502825 0.02283653846153846 0.05367231638418079
1 0.27163461538461536 0.2401129943502825 0.009615384615384616 0.025423728813559324
1 0.3942307692307692 0.24293785310734464 0.02403846153846154 0.06779661016949153
1 0.375 0.2457627118644068 0.019230769230769232 0.059322033898305086
1 0.46153846153846156 0.24858757062146894 0.015625 0.04519774011299435
1 0.6430288461538461 0.24858757062146894 0.020432692307692308 0.05084745762711865
1 0.29447115384615385 0.24858757062146894 0.027644230769230768 0.06497175141242938
1 0.5805288461538461 0.2514124293785311 0.02283653846153846 0.0480225988700565
1 0.41346153846153844 0.2514124293785311 0.025240384615384616 0.059322033898305086
1 0.4362980769230769 0.2598870056497175 0.02283653846153846 0.05649717514124294
1 0.18269230769230768 0.2627118644067797 0.02403846153846154 0.04519774011299435
1 0.23557692307692307 0.2655367231638418 0.009615384615384616 0.01977401129943503
1 0.5540865384615384 0.2711864406779661 0.02403846153846154 0.05649717514124294
1 0.4891826923076923 0.2711864406779661 0.02403846153846154 0.06497175141242938
1 0.25240384615384615 0.2711864406779661 0.02403846153846154 0.05367231638418079
1 0.7331730769230769 0.2740112994350282 0.036057692307692304 0.07909604519774012
1 0.3581730769230769 0.2796610169491525 0.013221153846153846 0.022598870056497175