1 0.003605769230769231 0.23863636363636365 0.007211538461538462 0.07954545454545454
1 0.007211538461538462 0.30113636363636365 0.014423076923076924 0.06818181818181818
1 0.0018028846153846155 0.36363636363636365 0.003605769230769231 0.056818181818181816
1 0.009615384615384616 0.4034090909090909 0.014423076923076924 0.0625
1 0.02283653846153846 0.35795454545454547 0.015625 0.07954545454545454
1 0.037259615384615384 0.39204545454545453 0.016826923076923076 0.07954545454545454
1 0.006009615384615385 0.4772727272727273 0.010817307692307692 0.0625
1 0.004807692307692308 0.5568181818181818 0.009615384615384616 0.06818181818181818
1 0.002403846153846154 0.6647727272727273 0.003605769230769231 0.0625
1 0.010817307692307692 0.6988636363636364 0.013221153846153846 0.05113636363636364
1 0.008413461538461538 0.7670454545454546 0.015625 0.0625
1 0.02403846153846154 0.7727272727272727 0.01201923076923077 0.056818181818181816
1 0.040865384615384616 0.7613636363636364 0.015625 0.07954545454545454
1 0.026442307692307692 0.7102272727272727 0.014423076923076924 0.05113636363636364
1 0.054086538461538464 0.7556818181818182 0.010817307692307692 0.05113636363636364
1 0.04567307692307692 0.6931818181818182 0.015625 0.06818181818181818
1 0.07091346153846154 0.7727272727272727 0.019230769230769232 0.09090909090909091
1 0.0889423076923077 0.8068181818181818 0.01201923076923077 0.056818181818181816
1 0.1045673076923077 0.8181818181818182 0.014423076923076924 0.056818181818181816
1 0.10576923076923077 0.75 0.015625 0.0625
1 0.09254807692307693 0.7272727272727273 0.014423076923076924 0.06818181818181818
1 0.07932692307692307 0.6931818181818182 0.014423076923076924 0.06818181818181818
1 0.06850961538461539 0.6363636363636364 0.016826923076923076 0.07386363636363637
1 0.06129807692307692 0.7045454545454546 0.01201923076923077 0.056818181818181816
1 0.051682692307692304 0.625 0.014423076923076924 0.06818181818181818
1 0.06129807692307692 0.5681818181818182 0.010817307692307692 0.045454545454545456
1 0.030048076923076924 0.6477272727272727 0.015625 0.06818181818181818
1 0.010817307692307692 0.625 0.015625 0.07386363636363637
1 0.036057692307692304 0.5909090909090909 0.016826923076923076 0.07954545454545454
1 0.04927884615384615 0.5340909090909091 0.013221153846153846 0.0625
1 0.037259615384615384 0.48863636363636365 0.014423076923076924 0.06818181818181818
1 0.019230769230769232 0.5397727272727273 0.021634615384615384 0.09659090909090909
1 0.02403846153846154 0.4431818181818182 0.015625 0.0625
1 0.12379807692307693 0.8068181818181818 0.016826923076923076 0.05113636363636364
1 0.1310096153846154 0.7443181818181818 0.019230769230769232 0.09090909090909091
1 0.12379807692307693 0.6590909090909091 0.016826923076923076 0.07386363636363637
1 0.11177884615384616 0.6193181818181818 0.014423076923076924 0.07386363636363637
1 0.0985576923076923 0.5340909090909091 0.027644230769230768 0.13068181818181818
1 0.07572115384615384 0.45454545454545453 0.02283653846153846 0.10227272727272728
1 0.05889423076923077 0.3977272727272727 0.02283653846153846 0.09090909090909091
1 0.07091346153846154 0.3068181818181818 0.025240384615384616 0.11931818181818182
1 0.08653846153846154 0.3693181818181818 0.018028846153846152 0.07954545454545454
1 0.0985576923076923 0.42613636363636365 0.016826923076923076 0.08522727272727272
1 0.11899038461538461 0.48863636363636365 0.015625 0.07954545454545454
1 0.125 0.5625 0.015625 0.09090909090909091
1 0.11538461538461539 0.4090909090909091 0.014423076923076924 0.07954545454545454
1 0.10576923076923077 0.32954545454545453 0.02403846153846154 0.11363636363636363
1 0.09014423076923077 0.2727272727272727 0.015625 0.08522727272727272
1 0.13942307692307693 0.6193181818181818 0.013221153846153846 0.07386363636363637
1 0.14783653846153846 0.6931818181818182 0.016826923076923076 0.08522727272727272
1 0.15745192307692307 0.7556818181818182 0.016826923076923076 0.07954545454545454
1 0.14543269230769232 0.7897727272727273 0.015625 0.03977272727272727
1 0.16947115384615385 0.8011363636363636 0.015625 0.03977272727272727
1 0.18509615384615385 0.7954545454545454 0.014423076923076924 0.028409090909090908
1 0.17668269230769232 0.7386363636363636 0.018028846153846152 0.09090909090909091
1 0.16346153846153846 0.6818181818181818 0.01201923076923077 0.07386363636363637
1 0.15625 0.6136363636363636 0.015625 0.09090909090909091
1 0.14182692307692307 0.5454545454545454 0.013221153846153846 0.07386363636363637
1 0.13942307692307693 0.4602272727272727 0.020432692307692308 0.10227272727272728
1 0.11899038461538461 0.25 0.018028846153846152 0.08522727272727272
1 0.1045673076923077 0.2215909090909091 0.016826923076923076 0.06818181818181818
1 0.10817307692307693 0.14204545454545456 0.020432692307692308 0.09659090909090909
1 0.125 0.07954545454545454 0.02403846153846154 0.11931818181818182
1 0.140625 0.022727272727272728 0.021634615384615384 0.045454545454545456
1 0.16947115384615385 0.022727272727272728 0.01201923076923077 0.03977272727272727
1 0.15745192307692307 0.07386363636363637 0.021634615384615384 0.08522727272727272
1 0.1778846153846154 0.07954545454545454 0.019230769230769232 0.09090909090909091
1 0.14543269230769232 0.14772727272727273 0.019230769230769232 0.09659090909090909
1 0.12740384615384615 0.1875 0.019230769230769232 0.07954545454545454
1 0.15384615384615385 0.2159090909090909 0.014423076923076924 0.0625
1 0.16826923076923078 0.1534090909090909 0.019230769230769232 0.07386363636363637
1 0.20072115384615385 0.10227272727272728 0.013221153846153846 0.07386363636363637
1 0.2127403846153846 0.06818181818181818 0.01201923076923077 0.06818181818181818
1 0.18509615384615385 0.18181818181818182 0.02283653846153846 0.10227272727272728
1 0.171875 0.25 0.018028846153846152 0.08522727272727272
1 0.140625 0.26704545454545453 0.02283653846153846 0.09090909090909091
1 0.1466346153846154 0.3693181818181818 0.02283653846153846 0.09659090909090909
1 0.16466346153846154 0.3352272727272727 0.019230769230769232 0.07386363636363637
1 0.18389423076923078 0.3125 0.014423076923076924 0.07386363636363637
1 0.20072115384615385 0.22727272727272727 0.014423076923076924 0.0625
1 0.21033653846153846 0.17613636363636365 0.015625 0.07386363636363637
1 0.22596153846153846 0.13636363636363635 0.015625 0.08522727272727272
1 0.24158653846153846 0.11363636363636363 0.013221153846153846 0.0625
1 0.25841346153846156 0.10227272727272728 0.014423076923076924 0.07386363636363637
1 0.19831730769230768 0.29545454545454547 0.013221153846153846 0.0625
1 0.21514423076923078 0.25 0.015625 0.07386363636363637
1 0.22716346153846154 0.2215909090909091 0.010817307692307692 0.045454545454545456
1 0.23798076923076922 0.19318181818181818 0.014423076923076924 0.056818181818181816
1 0.2512019230769231 0.16477272727272727 0.013221153846153846 0.0625
1 0.27524038461538464 0.11931818181818182 0.015625 0.07386363636363637
1 0.26802884615384615 0.1875 0.01201923076923077 0.0625
1 0.28125 0.18181818181818182 0.013221153846153846 0.0625
1 0.2920673076923077 0.11363636363636363 0.016826923076923076 0.08522727272727272
1 0.3004807692307692 0.19886363636363635 0.015625 0.07386363636363637
1 0.3125 0.14204545454545456 0.018028846153846152 0.07954545454545454
1 0.23798076923076922 0.26704545454545453 0.015625 0.06818181818181818
1 0.2512019230769231 0.23295454545454544 0.015625 0.06818181818181818
1 0.2764423076923077 0.23863636363636365 0.010817307692307692 0.045454545454545456
1 0.28846153846153844 0.23863636363636365 0.010817307692307692 0.056818181818181816
1 0.3125 0.24431818181818182 0.013221153846153846 0.056818181818181816
1 0.328125 0.11363636363636363 0.010817307692307692 0.0625
1 0.3245192307692308 0.21022727272727273 0.01201923076923077 0.06818181818181818
1 0.2127403846153846 0.32954545454545453 0.01201923076923077 0.0625
1 0.2283653846153846 0.3181818181818182 0.013221153846153846 0.06818181818181818
1 0.25 0.29545454545454547 0.01201923076923077 0.05113636363636364
1 0.265625 0.2840909090909091 0.014423076923076924 0.06818181818181818
1 0.2824519230769231 0.29545454545454547 0.01201923076923077 0.056818181818181816
1 0.3004807692307692 0.2840909090909091 0.015625 0.07386363636363637
1 0.3173076923076923 0.3068181818181818 0.01201923076923077 0.0625
1 0.3317307692307692 0.2784090909090909 0.016826923076923076 0.08522727272727272
1 0.16346153846153846 0.42613636363636365 0.014423076923076924 0.07386363636363637
1 0.1778846153846154 0.38636363636363635 0.015625 0.07386363636363637
1 0.203125 0.3693181818181818 0.016826923076923076 0.07954545454545454
1 0.21875 0.4090909090909091 0.018028846153846152 0.09090909090909091
1 0.234375 0.375 0.013221153846153846 0.056818181818181816
1 0.24639423076923078 0.3522727272727273 0.010817307692307692 0.05113636363636364
1 0.2608173076923077 0.36363636363636365 0.01201923076923077 0.05113636363636364
1 0.27403846153846156 0.3409090909090909 0.013221153846153846 0.056818181818181816
1 0.29086538461538464 0.35795454545454547 0.019230769230769232 0.08522727272727272
1 0.3088942307692308 0.3522727272727273 0.01201923076923077 0.0625
1 0.3233173076923077 0.35795454545454547 0.014423076923076924 0.0625
1 0.33774038461538464 0.3465909090909091 0.014423076923076924 0.0625
1 0.1622596153846154 0.5227272727272727 0.02283653846153846 0.09090909090909091
1 0.17668269230769232 0.4715909090909091 0.015625 0.0625
1 0.19110576923076922 0.4318181818181818 0.016826923076923076 0.07954545454545454
1 0.20072115384615385 0.5 0.015625 0.06818181818181818
1 0.18629807692307693 0.5454545454545454 0.019230769230769232 0.09659090909090909
1 0.21153846153846154 0.5454545454545454 0.015625 0.06818181818181818
1 0.17427884615384615 0.625 0.016826923076923076 0.07954545454545454
1 0.18870192307692307 0.6647727272727273 0.014423076923076924 0.07386363636363637
1 0.19831730769230768 0.7556818181818182 0.018028846153846152 0.07954545454545454
1 0.22596153846153846 0.7727272727272727 0.01201923076923077 0.05113636363636364
1 0.21754807692307693 0.7215909090909091 0.015625 0.07386363636363637
1 0.20793269230769232 0.6761363636363636 0.015625 0.09090909090909091
1 0.19951923076923078 0.6079545454545454 0.019230769230769232 0.09090909090909091
1 0.23798076923076922 0.7386363636363636 0.015625 0.06818181818181818
1 0.22956730769230768 0.6761363636363636 0.015625 0.07954545454545454
1 0.22235576923076922 0.6079545454545454 0.015625 0.08522727272727272
1 0.22355769230769232 0.4943181818181818 0.015625 0.06818181818181818
1 0.23557692307692307 0.5454545454545454 0.015625 0.08522727272727272
1 0.24278846153846154 0.6306818181818182 0.014423076923076924 0.07386363636363637
1 0.2548076923076923 0.6931818181818182 0.02283653846153846 0.10795454545454546
1 0.265625 0.75 0.014423076923076924 0.03977272727272727
1 0.27524038461538464 0.7045454545454546 0.016826923076923076 0.07386363636363637
1 0.2920673076923077 0.7272727272727273 0.013221153846153846 0.056818181818181816
1 0.25961538461538464 0.6136363636363636 0.013221153846153846 0.0625
1 0.2512019230769231 0.5625 0.01201923076923077 0.056818181818181816
1 0.23677884615384615 0.45454545454545453 0.015625 0.07386363636363637
1 0.2512019230769231 0.42045454545454547 0.014423076923076924 0.06818181818181818
1 0.25 0.4943181818181818 0.013221153846153846 0.06818181818181818
1 0.2692307692307692 0.4034090909090909 0.01201923076923077 0.056818181818181816
1 0.26322115384615385 0.4602272727272727 0.018028846153846152 0.07386363636363637
1 0.265625 0.5284090909090909 0.014423076923076924 0.06818181818181818
1 0.27283653846153844 0.5965909090909091 0.015625 0.06818181818181818
1 0.28846153846153844 0.6477272727272727 0.018028846153846152 0.07954545454545454
1 0.3088942307692308 0.7329545454545454 0.014423076923076924 0.03977272727272727
1 0.28125 0.4318181818181818 0.013221153846153846 0.056818181818181816
1 0.2800480769230769 0.5 0.01201923076923077 0.06818181818181818
1 0.28966346153846156 0.5568181818181818 0.015625 0.07386363636363637
1 0.3004807692307692 0.6022727272727273 0.015625 0.06818181818181818
1 0.30528846153846156 0.6704545454545454 0.013221153846153846 0.06818181818181818
1 0.32211538461538464 0.6988636363636364 0.015625 0.06818181818181818
1 0.31850961538461536 0.6306818181818182 0.016826923076923076 0.07954545454545454
1 0.3125 0.5568181818181818 0.013221153846153846 0.0625
1 0.3004807692307692 0.5227272727272727 0.010817307692307692 0.0625
1 0.2932692307692308 0.4715909090909091 0.009615384615384616 0.056818181818181816
1 0.3016826923076923 0.42045454545454547 0.013221153846153846 0.06818181818181818
1 0.3076923076923077 0.4772727272727273 0.009615384615384616 0.045454545454545456
1 0.31490384615384615 0.4090909090909091 0.009615384615384616 0.045454545454545456
1 0.31850961538461536 0.48295454545454547 0.013221153846153846 0.06818181818181818
1 0.3269230769230769 0.42045454545454547 0.010817307692307692 0.056818181818181816
1 0.33653846153846156 0.4034090909090909 0.009615384615384616 0.05113636363636364
1 0.3317307692307692 0.4715909090909091 0.009615384615384616 0.05113636363636364
1 0.3269230769230769 0.5397727272727273 0.013221153846153846 0.07386363636363637
1 0.3329326923076923 0.6477272727272727 0.01201923076923077 0.0625
1 0.33774038461538464 0.7045454545454546 0.013221153846153846 0.0625
1 0.35216346153846156 0.7102272727272727 0.009615384615384616 0.045454545454545456
1 0.3473557692307692 0.6477272727272727 0.013221153846153846 0.06818181818181818
1 0.3425480769230769 0.5738636363636364 0.015625 0.09090909090909091
1 0.3401442307692308 0.5056818181818182 0.009615384615384616 0.045454545454545456
1 0.3425480769230769 0.45454545454545453 0.010817307692307692 0.05113636363636364
1 0.35216346153846156 0.48863636363636365 0.010817307692307692 0.056818181818181816
1 0.3581730769230769 0.5454545454545454 0.014423076923076924 0.0625
1 0.3605769230769231 0.625 0.01201923076923077 0.06818181818181818
1 0.3641826923076923 0.7386363636363636 0.016826923076923076 0.05113636363636364
1 0.37259615384615385 0.6647727272727273 0.018028846153846152 0.07954545454545454
1 0.38221153846153844 0.7215909090909091 0.013221153846153846 0.05113636363636364
1 0.390625 0.6818181818181818 0.009615384615384616 0.056818181818181816
1 0.40024038461538464 0.7215909090909091 0.014423076923076924 0.05113636363636364
1 0.3389423076923077 0.16477272727272727 0.01201923076923077 0.07386363636363637
1 0.3425480769230769 0.24431818181818182 0.009615384615384616 0.0625
1 0.34975961538461536 0.30113636363636365 0.01201923076923077 0.056818181818181816
1 0.34975961538461536 0.38636363636363635 0.013221153846153846 0.056818181818181816
1 0.3581730769230769 0.4318181818181818 0.01201923076923077 0.0625
1 0.3641826923076923 0.48295454545454547 0.010817307692307692 0.05113636363636364
1 0.375 0.5738636363636364 0.018028846153846152 0.08522727272727272
1 0.3858173076923077 0.6363636363636364 0.009615384615384616 0.05113636363636364
1 0.34975961538461536 0.1534090909090909 0.009615384615384616 0.056818181818181816
1 0.3545673076923077 0.23863636363636365 0.01201923076923077 0.056818181818181816
1 0.3605769230769231 0.3465909090909091 0.013221153846153846 0.07386363636363637
1 0.3701923076923077 0.3977272727272727 0.01201923076923077 0.056818181818181816
1 0.3798076923076923 0.5 0.016826923076923076 0.07386363636363637
1 0.3894230769230769 0.5511363636363636 0.01201923076923077 0.056818181818181816
1 0.39663461538461536 0.6022727272727273 0.01201923076923077 0.0625
1 0.40384615384615385 0.6590909090909091 0.013221153846153846 0.0625
1 0.3641826923076923 0.16477272727272727 0.016826923076923076 0.07954545454545454
1 0.3762019230769231 0.2159090909090909 0.014423076923076924 0.0625
1 0.36899038461538464 0.2784090909090909 0.015625 0.06818181818181818
1 0.3798076923076923 0.3409090909090909 0.016826923076923076 0.08522727272727272
1 0.38461538461538464 0.42045454545454547 0.015625 0.08522727272727272
1 0.3942307692307692 0.4715909090909091 0.01201923076923077 0.05113636363636364
1 0.4026442307692308 0.5284090909090909 0.016826923076923076 0.07954545454545454
1 0.4110576923076923 0.5965909090909091 0.016826923076923076 0.07954545454545454
1 0.42427884615384615 0.6534090909090909 0.018028846153846152 0.07954545454545454
1 0.41586538461538464 0.7159090909090909 0.014423076923076924 0.06818181818181818
1 0.3798076923076923 0.1534090909090909 0.01201923076923077 0.0625
1 0.3942307692307692 0.1534090909090909 0.013221153846153846 0.07386363636363637
1 0.39302884615384615 0.23295454545454544 0.01201923076923077 0.0625
1 0.38461538461538464 0.2784090909090909 0.01201923076923077 0.05113636363636364
1 0.3942307692307692 0.32954545454545453 0.01201923076923077 0.06818181818181818
1 0.39903846153846156 0.3977272727272727 0.015625 0.06818181818181818
1 0.4098557692307692 0.44886363636363635 0.013221153846153846 0.07386363636363637
1 0.4170673076923077 0.5170454545454546 0.010817307692307692 0.05113636363636364
1 0.42427884615384615 0.5625 0.010817307692307692 0.05113636363636364
1 0.4362980769230769 0.7272727272727273 0.02283653846153846 0.09090909090909091
1 0.40625 0.11931818181818182 0.014423076923076924 0.06818181818181818
1 0.40625 0.19318181818181818 0.014423076923076924 0.07386363636363637
1 0.4050480769230769 0.2784090909090909 0.015625 0.08522727272727272
1 0.41225961538461536 0.3465909090909091 0.015625 0.06818181818181818
1 0.4206730769230769 0.4090909090909091 0.013221153846153846 0.06818181818181818
1 0.42427884615384615 0.4715909090909091 0.01201923076923077 0.0625
1 0.4375 0.5227272727272727 0.014423076923076924 0.0625
1 0.4387019230769231 0.6022727272727273 0.016826923076923076 0.09090909090909091
1 0.44711538461538464 0.6647727272727273 0.013221153846153846 0.0625
1 0.4567307692307692 0.7102272727272727 0.013221153846153846 0.0625
1 0.4206730769230769 0.14772727272727273 0.013221153846153846 0.07386363636363637
1 0.43028846153846156 0.20454545454545456 0.013221153846153846 0.07386363636363637
1 0.4206730769230769 0.26136363636363635 0.013221153846153846 0.06818181818181818
1 0.43028846153846156 0.09659090909090909 0.013221153846153846 0.0625
1 0.4411057692307692 0.07386363636363637 0.009615384615384616 0.05113636363636364
1 0.4423076923076923 0.14204545454545456 0.015625 0.07954545454545454
1 0.4495192307692308 0.2159090909090909 0.019230769230769232 0.07954545454545454
1 0.4387019230769231 0.2897727272727273 0.016826923076923076 0.07954545454545454
1 0.42788461538461536 0.3352272727272727 0.013221153846153846 0.0625
1 0.43509615384615385 0.3806818181818182 0.013221153846153846 0.056818181818181816
1 0.44711538461538464 0.4090909090909091 0.009615384615384616 0.045454545454545456
1 0.4375 0.4375 0.01201923076923077 0.045454545454545456
1 0.4483173076923077 0.4715909090909091 0.015625 0.07954545454545454
1 0.45072115384615385 0.5511363636363636 0.010817307692307692 0.056818181818181816
1 0.453125 0.6136363636363636 0.010817307692307692 0.05113636363636364
1 0.4639423076923077 0.6534090909090909 0.015625 0.06818181818181818
1 0.46634615384615385 0.75 0.013221153846153846 0.03409090909090909
1 0.4543269230769231 0.7556818181818182 0.008413461538461538 0.022727272727272728
1 0.4735576923076923 0.7045454545454546 0.015625 0.06818181818181818
1 0.4879807692307692 0.7215909090909091 0.015625 0.07954545454545454
1 0.4831730769230769 0.6590909090909091 0.010817307692307692 0.05113636363636364
1 0.47596153846153844 0.6079545454545454 0.015625 0.07386363636363637
1 0.46153846153846156 0.5795454545454546 0.01201923076923077 0.056818181818181816
1 0.45913461538461536 0.5113636363636364 0.01201923076923077 0.056818181818181816
1 0.4639423076923077 0.4602272727272727 0.010817307692307692 0.05113636363636364
1 0.4735576923076923 0.5284090909090909 0.013221153846153846 0.06818181818181818
1 0.4987980769230769 0.6704545454545454 0.01201923076923077 0.056818181818181816
1 0.5048076923076923 0.7272727272727273 0.013221153846153846 0.056818181818181816
1 0.5180288461538461 0.7159090909090909 0.01201923076923077 0.056818181818181816
1 0.5300480769230769 0.7215909090909091 0.010817307692307692 0.045454545454545456
1 0.5132211538461539 0.6534090909090909 0.01201923076923077 0.0625
1 0.5288461538461539 0.6590909090909091 0.015625 0.06818181818181818
1 0.5192307692307693 0.6136363636363636 0.009615384615384616 0.05113636363636364
1 0.49278846153846156 0.6193181818181818 0.013221153846153846 0.0625
1 0.48677884615384615 0.5625 0.009615384615384616 0.056818181818181816
1 0.484375 0.5 0.010817307692307692 0.05113636363636364
1 0.47596153846153844 0.4659090909090909 0.01201923076923077 0.056818181818181816
1 0.4519230769230769 0.3409090909090909 0.018028846153846152 0.07954545454545454
1 0.4675480769230769 0.38636363636363635 0.018028846153846152 0.08522727272727272
1 0.45913461538461536 0.2784090909090909 0.013221153846153846 0.056818181818181816
1 0.4699519230769231 0.3181818181818182 0.01201923076923077 0.05113636363636364
1 0.4807692307692308 0.3465909090909091 0.01201923076923077 0.056818181818181816
1 0.46153846153846156 0.10795454545454546 0.016826923076923076 0.07386363636363637
1 0.4639423076923077 0.18181818181818182 0.01201923076923077 0.056818181818181816
1 0.47115384615384615 0.23863636363636365 0.013221153846153846 0.06818181818181818
1 0.484375 0.2784090909090909 0.016826923076923076 0.08522727272727272
1 0.47716346153846156 0.14772727272727273 0.016826923076923076 0.07954545454545454
1 0.4879807692307692 0.20454545454545456 0.01201923076923077 0.056818181818181816
1 0.4831730769230769 0.4147727272727273 0.013221153846153846 0.06818181818181818
1 0.49158653846153844 0.4602272727272727 0.01201923076923077 0.056818181818181816
1 0.5 0.5227272727272727 0.016826923076923076 0.08522727272727272
1 0.5048076923076923 0.5909090909090909 0.01201923076923077 0.0625
1 0.5108173076923077 0.4943181818181818 0.010817307692307692 0.045454545454545456
1 0.515625 0.5511363636363636 0.013221153846153846 0.056818181818181816
1 0.5060096153846154 0.4318181818181818 0.013221153846153846 0.056818181818181816
1 0.4963942307692308 0.38636363636363635 0.014423076923076924 0.0625
1 0.5 0.3181818181818182 0.014423076923076924 0.06818181818181818
1 0.4987980769230769 0.2556818181818182 0.01201923076923077 0.05113636363636364
1 0.49399038461538464 0.1534090909090909 0.013221153846153846 0.056818181818181816
1 0.48677884615384615 0.09090909090909091 0.01201923076923077 0.06818181818181818
1 0.5072115384615384 0.21022727272727273 0.014423076923076924 0.0625
1 0.5108173076923077 0.14772727272727273 0.010817307692307692 0.05113636363636364
1 0.5120192307692307 0.2840909090909091 0.010817307692307692 0.056818181818181816
1 0.5108173076923077 0.36363636363636365 0.015625 0.06818181818181818
1 0.5180288461538461 0.45454545454545453 0.013221153846153846 0.056818181818181816
1 0.5252403846153846 0.5056818181818182 0.01201923076923077 0.05113636363636364
1 0.5300480769230769 0.5511363636363636 0.009615384615384616 0.045454545454545456
1 0.5360576923076923 0.5909090909090909 0.01201923076923077 0.056818181818181816
1 0.5420673076923077 0.6477272727272727 0.009615384615384616 0.05113636363636364
1 0.5456730769230769 0.7159090909090909 0.01201923076923077 0.056818181818181816
1 0.5204326923076923 0.18181818181818182 0.010817307692307692 0.05113636363636364
1 0.5204326923076923 0.24431818181818182 0.01201923076923077 0.056818181818181816
1 0.5216346153846154 0.3125 0.010817307692307692 0.05113636363636364
1 0.5288461538461539 0.3522727272727273 0.01201923076923077 0.056818181818181816
1 0.5240384615384616 0.4034090909090909 0.01201923076923077 0.05113636363636364
1 0.5324519230769231 0.45454545454545453 0.01201923076923077 0.056818181818181816
1 0.5384615384615384 0.5056818181818182 0.01201923076923077 0.056818181818181816
1 0.5480769230769231 0.5568181818181818 0.014423076923076924 0.0625
1 0.5504807692307693 0.4943181818181818 0.01201923076923077 0.05113636363636364
1 0.5432692307692307 0.44886363636363635 0.009615384615384616 0.045454545454545456
1 0.5408653846153846 0.38636363636363635 0.013221153846153846 0.0625
1 0.5384615384615384 0.3181818181818182 0.010817307692307692 0.05113636363636364
1 0.5504807692307693 0.3409090909090909 0.01201923076923077 0.05113636363636364
1 0.5552884615384616 0.6647727272727273 0.013221153846153846 0.0625
1 0.5625 0.7159090909090909 0.01201923076923077 0.0625
1 0.5709134615384616 0.6534090909090909 0.015625 0.07386363636363637
1 0.5588942307692307 0.6022727272727273 0.013221153846153846 0.06818181818181818
1 0.5829326923076923 0.6931818181818182 0.01201923076923077 0.06818181818181818
1 0.5889423076923077 0.6363636363636364 0.009615384615384616 0.045454545454545456
1 0.5805288461538461 0.6079545454545454 0.010817307692307692 0.056818181818181816
1 0.5709134615384616 0.5681818181818182 0.01201923076923077 0.056818181818181816
1 0.5612980769230769 0.5284090909090909 0.01201923076923077 0.0625
1 0.5649038461538461 0.4772727272727273 0.010817307692307692 0.05113636363636364
1 0.5793269230769231 0.5227272727272727 0.013221153846153846 0.0625
1 0.5829326923076923 0.4602272727272727 0.01201923076923077 0.056818181818181816
1 0.5925480769230769 0.5 0.013221153846153846 0.06818181818181818
1 0.5877403846153846 0.5681818181818182 0.013221153846153846 0.0625
1 0.5973557692307693 0.6818181818181818 0.015625 0.07954545454545454
1 0.5721153846153846 0.42045454545454547 0.014423076923076924 0.07386363636363637
1 0.5564903846153846 0.42613636363636365 0.013221153846153846 0.06818181818181818
1 0.5625 0.36363636363636365 0.013221153846153846 0.0625
1 0.5745192307692307 0.3352272727272727 0.010817307692307692 0.05113636363636364
1 0.5829326923076923 0.375 0.014423076923076924 0.0625
1 0.5913461538461539 0.42613636363636365 0.009615384615384616 0.045454545454545456
1 0.5336538461538461 0.29545454545454547 0.003605769230769231 0.005681818181818182
1 0.5300480769230769 0.2727272727272727 0.01201923076923077 0.05113636363636364
1 0.5408653846153846 0.26704545454545453 0.009615384615384616 0.045454545454545456
1 0.5540865384615384 0.2897727272727273 0.01201923076923077 0.05113636363636364
1 0.5673076923076923 0.2897727272727273 0.01201923076923077 0.0625
1 0.5829326923076923 0.2840909090909091 0.016826923076923076 0.08522727272727272
1 0.5925480769230769 0.3352272727272727 0.009615384615384616 0.045454545454545456
1 0.5336538461538461 0.2215909090909091 0.013221153846153846 0.06818181818181818
1 0.5456730769230769 0.20454545454545456 0.009615384615384616 0.05113636363636364
1 0.5576923076923077 0.2215909090909091 0.013221153846153846 0.0625
1 0.5721153846153846 0.2215909090909091 0.013221153846153846 0.0625
1 0.5348557692307693 0.1590909090909091 0.013221153846153846 0.056818181818181816
1 0.5492788461538461 0.1590909090909091 0.009615384615384616 0.05113636363636364
1 0.5625 0.1534090909090909 0.014423076923076924 0.0625
1 0.5829326923076923 0.18181818181818182 0.01201923076923077 0.0625
1 0.5961538461538461 0.1590909090909091 0.010817307692307692 0.056818181818181816
1 0.5949519230769231 0.2215909090909091 0.013221153846153846 0.056818181818181816
1 0.5985576923076923 0.29545454545454547 0.009615384615384616 0.045454545454545456
1 0.6057692307692307 0.19318181818181818 0.010817307692307692 0.045454545454545456
1 0.6069711538461539 0.2556818181818182 0.01201923076923077 0.056818181818181816
1 0.6177884615384616 0.16477272727272727 0.008413461538461538 0.03977272727272727
1 0.6177884615384616 0.2215909090909091 0.01201923076923077 0.056818181818181816
1 0.6298076923076923 0.18181818181818182 0.015625 0.07386363636363637
1 0.6286057692307693 0.2556818181818182 0.010817307692307692 0.056818181818181816
1 0.6177884615384616 0.2784090909090909 0.010817307692307692 0.045454545454545456
1 0.6081730769230769 0.3125 0.01201923076923077 0.056818181818181816
1 0.6262019230769231 0.32386363636363635 0.01201923076923077 0.056818181818181816
1 0.6021634615384616 0.375 0.015625 0.07954545454545454
1 0.6165865384615384 0.35795454545454547 0.010817307692307692 0.05113636363636364
1 0.6237980769230769 0.4034090909090909 0.01201923076923077 0.05113636363636364
1 0.6153846153846154 0.4375 0.01201923076923077 0.05113636363636364
1 0.6021634615384616 0.44886363636363635 0.014423076923076924 0.0625
1 0.6057692307692307 0.5 0.010817307692307692 0.045454545454545456
1 0.625 0.4715909090909091 0.013221153846153846 0.056818181818181816
1 0.6322115384615384 0.4318181818181818 0.009615384615384616 0.045454545454545456
1 0.6346153846153846 0.3693181818181818 0.014423076923076924 0.0625
1 0.6370192307692307 0.30113636363636365 0.010817307692307692 0.05113636363636364
1 0.640625 0.24431818181818182 0.01201923076923077 0.0625
1 0.6418269230769231 0.1534090909090909 0.008413461538461538 0.03977272727272727
1 0.6502403846153846 0.1875 0.010817307692307692 0.05113636363636364
1 0.6430288461538461 0.4147727272727273 0.009615384615384616 0.045454545454545456
1 0.6394230769230769 0.48295454545454547 0.014423076923076924 0.06818181818181818
1 0.6153846153846154 0.5170454545454546 0.010817307692307692 0.05113636363636364
1 0.6274038461538461 0.5284090909090909 0.010817307692307692 0.05113636363636364
1 0.6370192307692307 0.5454545454545454 0.009615384615384616 0.03977272727272727
1 0.6045673076923077 0.5454545454545454 0.01201923076923077 0.05113636363636364
1 0.6021634615384616 0.6079545454545454 0.013221153846153846 0.0625
1 0.6165865384615384 0.5852272727272727 0.015625 0.07386363636363637
1 0.6298076923076923 0.5852272727272727 0.010817307692307692 0.05113636363636364
1 0.6105769230769231 0.6590909090909091 0.009615384615384616 0.045454545454545456
1 0.6213942307692307 0.6534090909090909 0.010817307692307692 0.05113636363636364
1 0.6153846153846154 0.6988636363636364 0.009615384615384616 0.05113636363636364
1 0.5757211538461539 0.7443181818181818 0.01201923076923077 0.022727272727272728
1 0.5913461538461539 0.7386363636363636 0.015625 0.045454545454545456
1 0.6069711538461539 0.7386363636363636 0.015625 0.056818181818181816
1 0.6213942307692307 0.75 0.01201923076923077 0.03409090909090909
1 0.6286057692307693 0.7045454545454546 0.013221153846153846 0.0625
1 0.6334134615384616 0.7443181818181818 0.008413461538461538 0.03409090909090909
1 0.6430288461538461 0.7045454545454546 0.010817307692307692 0.05113636363636364
1 0.6538461538461539 0.7102272727272727 0.009615384615384616 0.045454545454545456
1 0.6358173076923077 0.6363636363636364 0.014423076923076924 0.06818181818181818
1 0.6514423076923077 0.6420454545454546 0.014423076923076924 0.06818181818181818
1 0.6430288461538461 0.5852272727272727 0.01201923076923077 0.05113636363636364
1 0.6526442307692307 0.5511363636363636 0.010817307692307692 0.056818181818181816
1 0.6526442307692307 0.4943181818181818 0.010817307692307692 0.05113636363636364
1 0.6514423076923077 0.4431818181818182 0.008413461538461538 0.03977272727272727
1 0.6634615384615384 0.5965909090909091 0.018028846153846152 0.08522727272727272
1 0.6670673076923077 0.6818181818181818 0.015625 0.07386363636363637
1 0.671875 0.7329545454545454 0.007211538461538462 0.022727272727272728
1 0.6802884615384616 0.7102272727272727 0.01201923076923077 0.0625
1 0.6778846153846154 0.6363636363636364 0.013221153846153846 0.0625
1 0.6899038461538461 0.6704545454545454 0.009615384615384616 0.056818181818181816
1 0.6983173076923077 0.7102272727272727 0.013221153846153846 0.056818181818181816
1 0.6694711538461539 0.5397727272727273 0.009615384615384616 0.045454545454545456
1 0.6778846153846154 0.5738636363636364 0.009615384615384616 0.045454545454545456
1 0.6875 0.5909090909090909 0.010817307692307692 0.056818181818181816
1 0.6971153846153846 0.6306818181818182 0.010817307692307692 0.056818181818181816
1 0.7055288461538461 0.6590909090909091 0.01201923076923077 0.05113636363636364
1 0.7115384615384616 0.7045454545454546 0.009615384615384616 0.045454545454545456
1 0.6646634615384616 0.4659090909090909 0.013221153846153846 0.056818181818181816
1 0.6754807692307693 0.4943181818181818 0.010817307692307692 0.045454545454545456
1 0.6850961538461539 0.5284090909090909 0.013221153846153846 0.056818181818181816
1 0.6959134615384616 0.5511363636363636 0.010817307692307692 0.05113636363636364
1 0.703125 0.5852272727272727 0.01201923076923077 0.05113636363636364
1 0.7103365384615384 0.6136363636363636 0.009615384615384616 0.045454545454545456
1 0.7163461538461539 0.6647727272727273 0.009615384615384616 0.05113636363636364
1 0.7223557692307693 0.7045454545454546 0.010817307692307692 0.05113636363636364
1 0.6478365384615384 0.3409090909090909 0.014423076923076924 0.06818181818181818
1 0.6586538461538461 0.3977272727272727 0.016826923076923076 0.06818181818181818
1 0.6514423076923077 0.2727272727272727 0.01201923076923077 0.06818181818181818
1 0.6646634615384616 0.3181818181818182 0.018028846153846152 0.07954545454545454
1 0.6730769230769231 0.39204545454545453 0.013221153846153846 0.0625
1 0.6814903846153846 0.4431818181818182 0.01201923076923077 0.0625
1 0.6911057692307693 0.4772727272727273 0.01201923076923077 0.056818181818181816
1 0.703125 0.5 0.01201923076923077 0.056818181818181816
1 0.7091346153846154 0.5397727272727273 0.010817307692307692 0.05113636363636364
1 0.7175480769230769 0.5795454545454546 0.010817307692307692 0.03977272727272727
1 0.7211538461538461 0.6193181818181818 0.008413461538461538 0.03977272727272727
1 0.7295673076923077 0.6477272727272727 0.010817307692307692 0.056818181818181816
1 0.7331730769230769 0.7045454545454546 0.008413461538461538 0.03977272727272727
1 0.7283653846153846 0.7386363636363636 0.009615384615384616 0.022727272727272728
1 0.7403846153846154 0.7272727272727273 0.01201923076923077 0.03977272727272727
1 0.6574519230769231 0.2215909090909091 0.009615384615384616 0.05113636363636364
1 0.6670673076923077 0.2556818181818182 0.01201923076923077 0.056818181818181816
1 0.6790865384615384 0.2897727272727273 0.010817307692307692 0.07386363636363637
1 0.6850961538461539 0.35795454545454547 0.014423076923076924 0.0625
1 0.6923076923076923 0.4090909090909091 0.014423076923076924 0.0625
1 0.7055288461538461 0.4375 0.014423076923076924 0.056818181818181816
1 0.7151442307692307 0.4715909090909091 0.014423076923076924 0.06818181818181818
1 0.7235576923076923 0.5284090909090909 0.014423076923076924 0.0625
1 0.7307692307692307 0.5909090909090909 0.014423076923076924 0.056818181818181816
1 0.7379807692307693 0.625 0.008413461538461538 0.045454545454545456
1 0.7427884615384616 0.6818181818181818 0.010817307692307692 0.05113636363636364
1 0.7536057692307693 0.6988636363636364 0.010817307692307692 0.0625
1 0.7572115384615384 0.7386363636363636 0.01201923076923077 0.028409090909090908
1 0.6598557692307693 0.16477272727272727 0.009615384615384616 0.05113636363636364
1 0.6670673076923077 0.14772727272727273 0.008413461538461538 0.045454545454545456
1 0.6694711538461539 0.20454545454545456 0.010817307692307692 0.05113636363636364
1 0.6790865384615384 0.23295454545454544 0.009615384615384616 0.045454545454545456
1 0.6862980769230769 0.2727272727272727 0.009615384615384616 0.05113636363636364
1 0.6959134615384616 0.3181818181818182 0.014423076923076924 0.0625
1 0.703125 0.375 0.01201923076923077 0.0625
1 0.6766826923076923 0.13636363636363635 0.009615384615384616 0.045454545454545456
1 0.6862980769230769 0.18181818181818182 0.016826923076923076 0.07954545454545454
1 0.7007211538461539 0.18181818181818182 0.008413461538461538 0.03977272727272727
1 0.6983173076923077 0.24431818181818182 0.016826923076923076 0.07386363636363637
1 0.7079326923076923 0.2840909090909091 0.010817307692307692 0.05113636363636364
1 0.7151442307692307 0.32954545454545453 0.013221153846153846 0.056818181818181816
1 0.71875 0.4034090909090909 0.015625 0.07954545454545454
1 0.7283653846153846 0.36363636363636365 0.009615384615384616 0.05113636363636364
1 0.7307692307692307 0.4147727272727273 0.008413461538461538 0.03977272727272727
1 0.7271634615384616 0.44886363636363635 0.008413461538461538 0.045454545454545456
1 0.7331730769230769 0.48863636363636365 0.014423076923076924 0.05113636363636364
1 0.7403846153846154 0.4375 0.010817307692307692 0.056818181818181816
1 0.7391826923076923 0.5397727272727273 0.010817307692307692 0.05113636363636364
1 0.7463942307692307 0.48863636363636365 0.009615384615384616 0.05113636363636364
1 0.7536057692307693 0.5397727272727273 0.013221153846153846 0.056818181818181816
1 0.7451923076923077 0.5852272727272727 0.01201923076923077 0.05113636363636364
1 0.75 0.6363636363636364 0.013221153846153846 0.06818181818181818
1 0.7584134615384616 0.5965909090909091 0.01201923076923077 0.0625
1 0.7632211538461539 0.6534090909090909 0.01201923076923077 0.056818181818181816
1 0.7644230769230769 0.7102272727272727 0.010817307692307692 0.045454545454545456
1 0.7740384615384616 0.7329545454545454 0.01201923076923077 0.03409090909090909
1 0.7740384615384616 0.6818181818181818 0.010817307692307692 0.056818181818181816
1 0.7848557692307693 0.7102272727272727 0.01201923076923077 0.05113636363636364
1 0.8004807692307693 0.7045454545454546 0.015625 0.056818181818181816
1 0.7908653846153846 0.6647727272727273 0.010817307692307692 0.056818181818181816
1 0.78125 0.6363636363636364 0.010817307692307692 0.0625
1 0.7704326923076923 0.6079545454545454 0.010817307692307692 0.056818181818181816
1 0.7668269230769231 0.5625 0.009615384615384616 0.045454545454545456
1 0.7139423076923077 0.1590909090909091 0.013221153846153846 0.056818181818181816
1 0.7115384615384616 0.2215909090909091 0.010817307692307692 0.05113636363636364
1 0.71875 0.26136363636363635 0.01201923076923077 0.056818181818181816
1 0.7235576923076923 0.20454545454545456 0.01201923076923077 0.056818181818181816
1 0.7259615384615384 0.3068181818181818 0.010817307692307692 0.056818181818181816
1 0.7319711538461539 0.26704545454545453 0.008413461538461538 0.045454545454545456
1 0.7379807692307693 0.32954545454545453 0.01201923076923077 0.0625
1 0.7391826923076923 0.38636363636363635 0.009615384615384616 0.03977272727272727
1 0.7331730769230769 0.16477272727272727 0.009615384615384616 0.05113636363636364
1 0.7355769230769231 0.2215909090909091 0.009615384615384616 0.05113636363636364
1 0.7427884615384616 0.26704545454545453 0.01201923076923077 0.056818181818181816
1 0.7487980769230769 0.32954545454545453 0.009615384615384616 0.05113636363636364
1 0.7572115384615384 0.3693181818181818 0.01201923076923077 0.056818181818181816
1 0.75 0.4090909090909091 0.009615384615384616 0.05113636363636364
1 0.7560096153846154 0.44886363636363635 0.010817307692307692 0.05113636363636364
1 0.7644230769230769 0.4943181818181818 0.01201923076923077 0.056818181818181816
1 0.7788461538461539 0.5738636363636364 0.01201923076923077 0.0625
1 0.7908653846153846 0.6022727272727273 0.01201923076923077 0.05113636363636364
1 0.8016826923076923 0.6363636363636364 0.01201923076923077 0.056818181818181816
1 0.8112980769230769 0.6704545454545454 0.009615384615384616 0.045454545454545456
1 0.8125 0.7159090909090909 0.009615384615384616 0.028409090909090908
1 0.7776442307692307 0.5113636363636364 0.013221153846153846 0.06818181818181818
1 0.7632211538461539 0.4147727272727273 0.009615384615384616 0.045454545454545456
1 0.7704326923076923 0.44886363636363635 0.01201923076923077 0.05113636363636364
1 0.7692307692307693 0.3806818181818182 0.009615384615384616 0.045454545454545456
1 0.7788461538461539 0.4034090909090909 0.01201923076923077 0.05113636363636364
1 0.7824519230769231 0.4602272727272727 0.010817307692307692 0.045454545454545456
1 0.7908653846153846 0.5056818181818182 0.015625 0.06818181818181818
1 0.8016826923076923 0.5568181818181818 0.013221153846153846 0.0625
1 0.7932692307692307 0.42613636363636365 0.01201923076923077 0.05113636363636364
1 0.8016826923076923 0.4602272727272727 0.01201923076923077 0.05113636363636364
1 0.8076923076923077 0.5056818181818182 0.010817307692307692 0.05113636363636364
1 0.8137019230769231 0.5511363636363636 0.010817307692307692 0.05113636363636364
1 0.8197115384615384 0.5056818181818182 0.008413461538461538 0.03977272727272727
1 0.8197115384615384 0.4602272727272727 0.010817307692307692 0.045454545454545456
1 0.8112980769230769 0.42613636363636365 0.010817307692307692 0.045454545454545456
1 0.8016826923076923 0.39204545454545453 0.010817307692307692 0.05113636363636364
1 0.7920673076923077 0.36363636363636365 0.01201923076923077 0.05113636363636364
1 0.7788461538461539 0.3465909090909091 0.009615384615384616 0.045454545454545456
1 0.7668269230769231 0.32386363636363635 0.015625 0.0625
1 0.7560096153846154 0.2897727272727273 0.009615384615384616 0.05113636363636364
1 0.7427884615384616 0.1590909090909091 0.008413461538461538 0.03977272727272727
1 0.7463942307692307 0.21022727272727273 0.009615384615384616 0.05113636363636364
1 0.7536057692307693 0.23863636363636365 0.008413461538461538 0.045454545454545456
1 0.7632211538461539 0.25 0.009615384615384616 0.045454545454545456
1 0.7728365384615384 0.26704545454545453 0.009615384615384616 0.03977272727272727
1 0.7836538461538461 0.29545454545454547 0.015625 0.06818181818181818
1 0.7980769230769231 0.3125 0.01201923076923077 0.056818181818181816
1 0.8076923076923077 0.3465909090909091 0.009615384615384616 0.05113636363636364
1 0.8161057692307693 0.3806818181818182 0.010817307692307692 0.045454545454545456
1 0.8257211538461539 0.42045454545454547 0.010817307692307692 0.05113636363636364
1 0.8365384615384616 0.42613636363636365 0.009615384615384616 0.045454545454545456
1 0.7560096153846154 0.1875 0.010817307692307692 0.05113636363636364
1 0.7704326923076923 0.20454545454545456 0.01201923076923077 0.0625
1 0.7824519230769231 0.22727272727272727 0.01201923076923077 0.056818181818181816
1 0.7944711538461539 0.2556818181818182 0.010817307692307692 0.045454545454545456
1 0.8052884615384616 0.26136363636363635 0.01201923076923077 0.056818181818181816
1 0.8137019230769231 0.30113636363636365 0.010817307692307692 0.05113636363636364
1 0.8221153846153846 0.3352272727272727 0.009615384615384616 0.045454545454545456
1 0.8329326923076923 0.36363636363636365 0.014423076923076924 0.06818181818181818
1 0.8485576923076923 0.375 0.01201923076923077 0.05113636363636364
1 0.7776442307692307 0.14772727272727273 0.009615384615384616 0.03977272727272727
1 0.7848557692307693 0.18181818181818182 0.008413461538461538 0.03409090909090909
1 0.7944711538461539 0.2159090909090909 0.007211538461538462 0.03409090909090909
1 0.8052884615384616 0.20454545454545456 0.009615384615384616 0.03977272727272727
1 0.8149038461538461 0.24431818181818182 0.008413461538461538 0.045454545454545456
1 0.8221153846153846 0.2727272727272727 0.009615384615384616 0.045454545454545456
1 0.8329326923076923 0.3068181818181818 0.009615384615384616 0.045454545454545456
1 0.8425480769230769 0.32386363636363635 0.008413461538461538 0.03977272727272727
1 0.8485576923076923 0.4375 0.010817307692307692 0.05113636363636364
1 0.859375 0.4147727272727273 0.008413461538461538 0.03977272727272727
1 0.8293269230769231 0.4772727272727273 0.008413461538461538 0.045454545454545456
1 0.8413461538461539 0.4715909090909091 0.010817307692307692 0.045454545454545456
1 0.859375 0.4659090909090909 0.010817307692307692 0.045454545454545456
1 0.8665865384615384 0.4431818181818182 0.009615384615384616 0.045454545454545456
1 0.8112980769230769 0.5965909090909091 0.010817307692307692 0.045454545454545456
1 0.8197115384615384 0.6306818181818182 0.01201923076923077 0.056818181818181816
1 0.8233173076923077 0.6931818181818182 0.014423076923076924 0.06818181818181818
1 0.8317307692307693 0.5227272727272727 0.009615384615384616 0.045454545454545456
1 0.8257211538461539 0.5738636363636364 0.01201923076923077 0.0625
1 0.8329326923076923 0.6477272727272727 0.01201923076923077 0.05113636363636364
1 0.8365384615384616 0.6988636363636364 0.009615384615384616 0.05113636363636364
1 0.8389423076923077 0.5909090909090909 0.013221153846153846 0.06818181818181818
1 0.8425480769230769 0.5284090909090909 0.01201923076923077 0.056818181818181816
1 0.8521634615384616 0.5 0.010817307692307692 0.05113636363636364
1 0.8617788461538461 0.5284090909090909 0.009615384615384616 0.045454545454545456
1 0.8677884615384616 0.48863636363636365 0.008413461538461538 0.03977272727272727
1 0.8521634615384616 0.5625 0.01201923076923077 0.056818181818181816
1 0.859375 0.6079545454545454 0.01201923076923077 0.05113636363636364
1 0.8557692307692307 0.6590909090909091 0.010817307692307692 0.05113636363636364
1 0.8449519230769231 0.6477272727272727 0.009615384615384616 0.05113636363636364
1 0.8485576923076923 0.6988636363636364 0.009615384615384616 0.045454545454545456
1 0.8713942307692307 0.5340909090909091 0.009615384615384616 0.045454545454545456
1 0.8786057692307693 0.48863636363636365 0.008413461538461538 0.03977272727272727
1 0.8689903846153846 0.5852272727272727 0.010817307692307692 0.045454545454545456
1 0.8701923076923077 0.6363636363636364 0.013221153846153846 0.056818181818181816
1 0.8665865384615384 0.6988636363636364 0.013221153846153846 0.056818181818181816
1 0.8798076923076923 0.6818181818181818 0.014423076923076924 0.0625
1 0.8882211538461539 0.7272727272727273 0.013221153846153846 0.03977272727272727
1 0.8798076923076923 0.5681818181818182 0.009615384615384616 0.05113636363636364
1 0.8798076923076923 0.6193181818181818 0.010817307692307692 0.05113636363636364
1 0.8882211538461539 0.5227272727272727 0.013221153846153846 0.056818181818181816
1 0.890625 0.5738636363636364 0.008413461538461538 0.03977272727272727
1 0.8918269230769231 0.6420454545454546 0.01201923076923077 0.06818181818181818
1 0.8978365384615384 0.6988636363636364 0.010817307692307692 0.056818181818181816
1 0.9014423076923077 0.5340909090909091 0.014423076923076924 0.06818181818181818
1 0.9014423076923077 0.5965909090909091 0.009615384615384616 0.05113636363636364
1 0.90625 0.6534090909090909 0.010817307692307692 0.05113636363636364
1 0.9122596153846154 0.6988636363636364 0.010817307692307692 0.05113636363636364
1 0.9134615384615384 0.5852272727272727 0.013221153846153846 0.06818181818181818
1 0.9158653846153846 0.6420454545454546 0.009615384615384616 0.045454545454545456
1 0.9242788461538461 0.6818181818181818 0.01201923076923077 0.06818181818181818
1 0.90625 0.7386363636363636 0.013221153846153846 0.045454545454545456
1 0.9194711538461539 0.7329545454545454 0.010817307692307692 0.028409090909090908
1 0.9314903846153846 0.7215909090909091 0.010817307692307692 0.03409090909090909
1 0.13341346153846154 0.5511363636363636 0.003605769230769231 0.26136363636363635
1 0.4951923076923077 0.39204545454545453 0.8966346153846154 0.7670454545454546