1 0.014423076923076924 0.6282051282051282 0.025240384615384616 0.0673076923076923
1 0.06971153846153846 0.6346153846153846 0.04927884615384615 0.052884615384615384
1 0.1466346153846154 0.6041666666666666 0.06971153846153846 0.09134615384615384
1 0.22596153846153846 0.6298076923076923 0.05048076923076923 0.060897435897435896
1 0.203125 0.5801282051282052 0.042067307692307696 0.05448717948717949
1 0.2776442307692308 0.6298076923076923 0.04447115384615385 0.05608974358974359
1 0.22716346153846154 0.5256410256410257 0.04567307692307692 0.057692307692307696
1 0.25 0.5785256410256411 0.046875 0.0625
1 0.23076923076923078 0.46794871794871795 0.04447115384615385 0.052884615384615384
1 0.2776442307692308 0.5256410256410257 0.05048076923076923 0.07051282051282051
1 0.3016826923076923 0.5785256410256411 0.05048076923076923 0.06570512820512821
1 0.31850961538461536 0.6330128205128205 0.042067307692307696 0.05128205128205128
1 0.27524038461538464 0.46314102564102566 0.036057692307692304 0.049679487179487176
1 0.296875 0.40705128205128205 0.04807692307692308 0.07211538461538461
1 0.3173076923076923 0.4791666666666667 0.04567307692307692 0.0641025641025641
1 0.3401442307692308 0.5352564102564102 0.052884615384615384 0.06570512820512821
1 0.3473557692307692 0.594551282051282 0.037259615384615384 0.04807692307692308
1 0.36177884615384615 0.6346153846153846 0.038461538461538464 0.04807692307692308
1 0.35096153846153844 0.4310897435897436 0.042067307692307696 0.057692307692307696
1 0.36538461538461536 0.4807692307692308 0.051682692307692304 0.07211538461538461
1 0.39903846153846156 0.5528846153846154 0.052884615384615384 0.07211538461538461
1 0.40865384615384615 0.6201923076923077 0.051682692307692304 0.0641025641025641
1 0.35096153846153844 0.34935897435897434 0.04447115384615385 0.0625
1 0.3894230769230769 0.3974358974358974 0.04447115384615385 0.07051282051282051
1 0.4266826923076923 0.4407051282051282 0.051682692307692304 0.06891025641025642
1 0.4375 0.5096153846153846 0.04567307692307692 0.05929487179487179
1 0.4579326923076923 0.5544871794871795 0.040865384615384616 0.05128205128205128
1 0.4579326923076923 0.6266025641025641 0.04927884615384615 0.05929487179487179
1 0.39302884615384615 0.3317307692307692 0.037259615384615384 0.05128205128205128
1 0.4338942307692308 0.375 0.04447115384615385 0.057692307692307696
1 0.4723557692307692 0.40384615384615385 0.042067307692307696 0.0625
1 0.4723557692307692 0.47596153846153844 0.04326923076923077 0.057692307692307696
1 0.49399038461538464 0.532051282051282 0.04326923076923077 0.057692307692307696
1 0.5060096153846154 0.5961538461538461 0.046875 0.05929487179487179
1 0.4735576923076923 0.33653846153846156 0.04927884615384615 0.05929487179487179
1 0.5132211538461539 0.3766025641025641 0.039663461538461536 0.052884615384615384
1 0.5096153846153846 0.4391025641025641 0.05048076923076923 0.0625
1 0.5360576923076923 0.48717948717948717 0.037259615384615384 0.049679487179487176
1 0.5348557692307693 0.5576923076923077 0.038461538461538464 0.04807692307692308
1 0.5576923076923077 0.6153846153846154 0.054086538461538464 0.07211538461538461
1 0.5673076923076923 0.44551282051282054 0.052884615384615384 0.06891025641025642
1 0.5721153846153846 0.5208333333333334 0.052884615384615384 0.06891025641025642
1 0.6021634615384616 0.6282051282051282 0.040865384615384616 0.057692307692307696
1 0.6201923076923077 0.47275641025641024 0.04326923076923077 0.057692307692307696
1 0.6394230769230769 0.5368589743589743 0.055288461538461536 0.07371794871794872
1 0.6466346153846154 0.6153846153846154 0.057692307692307696 0.07692307692307693
1 0.6538461538461539 0.4326923076923077 0.042067307692307696 0.060897435897435896
1 0.6778846153846154 0.49038461538461536 0.05048076923076923 0.07211538461538461
1 0.6838942307692307 0.5592948717948718 0.040865384615384616 0.057692307692307696
1 0.6971153846153846 0.6137820512820513 0.04567307692307692 0.0641025641025641
1 0.7115384615384616 0.4391025641025641 0.055288461538461536 0.07852564102564102
1 0.7427884615384616 0.5 0.054086538461538464 0.06570512820512821
1 0.7199519230769231 0.5560897435897436 0.038461538461538464 0.05608974358974359
1 0.75 0.625 0.04447115384615385 0.05128205128205128
1 0.7740384615384616 0.5592948717948718 0.052884615384615384 0.0673076923076923
1 0.7956730769230769 0.6185897435897436 0.042067307692307696 0.052884615384615384
1 0.8353365384615384 0.5657051282051282 0.038461538461538464 0.05128205128205128
1 0.8557692307692307 0.6169871794871795 0.04567307692307692 0.05608974358974359
1 0.9146634615384616 0.6057692307692307 0.037259615384615384 0.052884615384615384
1 0.9615384615384616 0.6137820512820513 0.046875 0.06570512820512821
1 0.36658653846153844 0.4983974358974359 0.010817307692307692 0.28365384615384615
1 0.5528846153846154 0.46634615384615385 0.8882211538461539 0.38782051282051283