1 0.9302884615384616 0.6891025641025641 0.039663461538461536 0.03205128205128205
1 0.8149038461538461 0.40705128205128205 0.04567307692307692 0.05448717948717949
1 0.828125 0.4583333333333333 0.03485576923076923 0.038461538461538464
1 0.90625 0.6538461538461539 0.039663461538461536 0.04326923076923077
1 0.8978365384615384 0.6121794871794872 0.03485576923076923 0.04326923076923077
1 0.8786057692307693 0.5737179487179487 0.040865384615384616 0.04487179487179487
1 0.8641826923076923 0.5288461538461539 0.03485576923076923 0.041666666666666664
1 0.8461538461538461 0.4935897435897436 0.03125 0.038461538461538464
1 0.8894230769230769 0.6875 0.037259615384615384 0.03365384615384615
1 0.8653846153846154 0.6602564102564102 0.03485576923076923 0.04326923076923077
1 0.8617788461538461 0.6137820512820513 0.037259615384615384 0.046474358974358976
1 0.8401442307692307 0.5769230769230769 0.037259615384615384 0.049679487179487176
1 0.828125 0.532051282051282 0.03125 0.04006410256410257
1 0.8088942307692307 0.4935897435897436 0.040865384615384616 0.046474358974358976
1 0.7920673076923077 0.4519230769230769 0.03485576923076923 0.046474358974358976
1 0.7752403846153846 0.4150641025641026 0.03125 0.04006410256410257
1 0.7932692307692307 0.5336538461538461 0.026442307692307692 0.038461538461538464
1 0.8088942307692307 0.5689102564102564 0.03125 0.04326923076923077
1 0.8221153846153846 0.6282051282051282 0.03245192307692308 0.04006410256410257
1 0.8305288461538461 0.6698717948717948 0.030048076923076924 0.041666666666666664
1 0.8509615384615384 0.6939102564102564 0.036057692307692304 0.035256410256410256
1 0.8185096153846154 0.7003205128205128 0.030048076923076924 0.03205128205128205
1 0.7680288461538461 0.4855769230769231 0.030048076923076924 0.04326923076923077
1 0.7463942307692307 0.44711538461538464 0.037259615384615384 0.04807692307692308
1 0.75 0.5288461538461539 0.037259615384615384 0.05128205128205128
1 0.7379807692307693 0.483974358974359 0.027644230769230768 0.038461538461538464
1 0.7728365384615384 0.5705128205128205 0.038461538461538464 0.05128205128205128
1 0.7896634615384616 0.6153846153846154 0.036057692307692304 0.049679487179487176
1 0.7980769230769231 0.6618589743589743 0.03365384615384615 0.04326923076923077
1 0.7836538461538461 0.6971153846153846 0.03365384615384615 0.028846153846153848
1 0.765625 0.6538461538461539 0.03245192307692308 0.046474358974358976
1 0.7463942307692307 0.6907051282051282 0.03485576923076923 0.035256410256410256
1 0.7463942307692307 0.6137820512820513 0.03245192307692308 0.046474358974358976
1 0.7283653846153846 0.6506410256410257 0.03245192307692308 0.04487179487179487
1 0.7127403846153846 0.6923076923076923 0.03485576923076923 0.04326923076923077
1 0.7271634615384616 0.5705128205128205 0.036057692307692304 0.04487179487179487
1 0.7139423076923077 0.6185897435897436 0.027644230769230768 0.035256410256410256
1 0.6887019230769231 0.6490384615384616 0.04447115384615385 0.05929487179487179
1 0.6694711538461539 0.6987179487179487 0.03245192307692308 0.03205128205128205
1 0.6454326923076923 0.6714743589743589 0.042067307692307696 0.05448717948717949
1 0.6550480769230769 0.625 0.03485576923076923 0.041666666666666664
1 0.6826923076923077 0.5977564102564102 0.03245192307692308 0.03685897435897436
1 0.6899038461538461 0.5625 0.030048076923076924 0.03365384615384615
1 0.7103365384615384 0.5224358974358975 0.04326923076923077 0.057692307692307696
1 0.7055288461538461 0.46634615384615385 0.03485576923076923 0.04487179487179487
1 0.7115384615384616 0.42467948717948717 0.03245192307692308 0.04006410256410257
1 0.6754807692307693 0.4951923076923077 0.03245192307692308 0.041666666666666664
1 0.6694711538461539 0.5400641025641025 0.03365384615384615 0.04326923076923077
1 0.65625 0.5833333333333334 0.027644230769230768 0.04006410256410257
1 0.6394230769230769 0.5064102564102564 0.028846153846153848 0.041666666666666664
1 0.6322115384615384 0.5544871794871795 0.039663461538461536 0.04807692307692308
1 0.6286057692307693 0.6025641025641025 0.036057692307692304 0.04487179487179487
1 0.6165865384615384 0.6410256410256411 0.038461538461538464 0.04487179487179487
1 0.5901442307692307 0.6586538461538461 0.028846153846153848 0.038461538461538464
1 0.6057692307692307 0.6891025641025641 0.030048076923076924 0.03365384615384615
1 0.5793269230769231 0.6971153846153846 0.02283653846153846 0.02564102564102564
1 0.5504807692307693 0.6923076923076923 0.028846153846153848 0.019230769230769232
1 0.5372596153846154 0.6666666666666666 0.03245192307692308 0.041666666666666664
1 0.5120192307692307 0.6891025641025641 0.03365384615384615 0.03365384615384615
1 0.5973557692307693 0.47115384615384615 0.03245192307692308 0.041666666666666664
1 0.5949519230769231 0.6121794871794872 0.03245192307692308 0.04006410256410257
1 0.5649038461538461 0.6378205128205128 0.036057692307692304 0.046474358974358976
1 0.5985576923076923 0.5673076923076923 0.03245192307692308 0.04326923076923077
1 0.5637019230769231 0.5881410256410257 0.03485576923076923 0.046474358974358976
1 0.5336538461538461 0.6137820512820513 0.03365384615384615 0.041666666666666664
1 0.5060096153846154 0.6458333333333334 0.037259615384615384 0.04807692307692308
1 0.4831730769230769 0.6730769230769231 0.03125 0.041666666666666664
1 0.45913461538461536 0.6955128205128205 0.03365384615384615 0.02564102564102564
1 0.6021634615384616 0.5176282051282052 0.042067307692307696 0.046474358974358976
1 0.5721153846153846 0.5384615384615384 0.028846153846153848 0.03365384615384615
1 0.5336538461538461 0.5657051282051282 0.036057692307692304 0.046474358974358976
1 0.5024038461538461 0.592948717948718 0.038461538461538464 0.049679487179487176
1 0.4723557692307692 0.6298076923076923 0.03485576923076923 0.04487179487179487
1 0.4423076923076923 0.6602564102564102 0.04326923076923077 0.052884615384615384
1 0.42908653846153844 0.6987179487179487 0.025240384615384616 0.027243589743589744
1 0.5588942307692307 0.47596153846153844 0.040865384615384616 0.05448717948717949
1 0.5408653846153846 0.5208333333333334 0.03365384615384615 0.04006410256410257
1 0.5048076923076923 0.5448717948717948 0.030048076923076924 0.041666666666666664
1 0.4735576923076923 0.5657051282051282 0.028846153846153848 0.04326923076923077
1 0.4483173076923077 0.594551282051282 0.03485576923076923 0.04807692307692308
1 0.41947115384615385 0.6185897435897436 0.03125 0.04006410256410257
1 0.4014423076923077 0.6682692307692307 0.037259615384615384 0.049679487179487176
1 0.3894230769230769 0.6987179487179487 0.036057692307692304 0.035256410256410256
1 0.5216346153846154 0.4775641025641026 0.036057692307692304 0.049679487179487176
1 0.49038461538461536 0.5048076923076923 0.03485576923076923 0.049679487179487176
1 0.46033653846153844 0.5208333333333334 0.027644230769230768 0.035256410256410256
1 0.4362980769230769 0.5480769230769231 0.03125 0.04006410256410257
1 0.41225961538461536 0.5769230769230769 0.03245192307692308 0.04326923076923077
1 0.38461538461538464 0.6201923076923077 0.03125 0.04487179487179487
1 0.36177884615384615 0.6602564102564102 0.036057692307692304 0.05608974358974359
1 0.34975961538461536 0.7019230769230769 0.037259615384615384 0.03205128205128205
1 0.4411057692307692 0.4855769230769231 0.03245192307692308 0.04807692307692308
1 0.4074519230769231 0.4951923076923077 0.028846153846153848 0.04006410256410257
1 0.39302884615384615 0.5368589743589743 0.04326923076923077 0.05608974358974359
1 0.3629807692307692 0.5721153846153846 0.04326923076923077 0.049679487179487176
1 0.34975961538461536 0.6185897435897436 0.03485576923076923 0.04326923076923077
1 0.32211538461538464 0.6650641025641025 0.04326923076923077 0.05608974358974359
1 0.29927884615384615 0.7003205128205128 0.03485576923076923 0.03685897435897436
1 0.3713942307692308 0.4951923076923077 0.037259615384615384 0.049679487179487176
1 0.3425480769230769 0.5272435897435898 0.037259615384615384 0.05448717948717949
1 0.31971153846153844 0.5993589743589743 0.03125 0.04326923076923077
1 0.2956730769230769 0.6298076923076923 0.03485576923076923 0.04487179487179487
1 0.28365384615384615 0.6698717948717948 0.03245192307692308 0.041666666666666664
1 0.25600961538461536 0.7067307692307693 0.04567307692307692 0.052884615384615384
1 0.31009615384615385 0.5096153846153846 0.03125 0.04487179487179487
1 0.31009615384615385 0.5576923076923077 0.03245192307692308 0.041666666666666664
1 0.2764423076923077 0.5833333333333334 0.046875 0.060897435897435896
1 0.25841346153846156 0.6330128205128205 0.03245192307692308 0.04326923076923077
1 0.23677884615384615 0.6666666666666666 0.03485576923076923 0.04487179487179487
1 0.21754807692307693 0.7003205128205128 0.030048076923076924 0.03685897435897436
1 0.18509615384615385 0.7147435897435898 0.03485576923076923 0.04006410256410257
1 0.2764423076923077 0.483974358974359 0.040865384615384616 0.052884615384615384
1 0.27884615384615385 0.530448717948718 0.03365384615384615 0.041666666666666664
1 0.2403846153846154 0.5977564102564102 0.030048076923076924 0.04006410256410257
1 0.21394230769230768 0.6217948717948718 0.03365384615384615 0.04487179487179487
1 0.1935096153846154 0.6730769230769231 0.042067307692307696 0.052884615384615384
1 0.15384615384615385 0.7227564102564102 0.026442307692307692 0.022435897435897436
1 0.24158653846153846 0.5096153846153846 0.03245192307692308 0.04487179487179487
1 0.21754807692307693 0.5576923076923077 0.03485576923076923 0.04487179487179487
1 0.18990384615384615 0.5817307692307693 0.03365384615384615 0.046474358974358976
1 0.1778846153846154 0.6298076923076923 0.03485576923076923 0.046474358974358976
1 0.15384615384615385 0.6618589743589743 0.030048076923076924 0.04326923076923077
1 0.140625 0.6955128205128205 0.028846153846153848 0.03685897435897436
1 0.12139423076923077 0.7243589743589743 0.026442307692307692 0.020833333333333332
1 0.21033653846153846 0.483974358974359 0.04567307692307692 0.0625
1 0.18389423076923078 0.5288461538461539 0.040865384615384616 0.05608974358974359
1 0.15504807692307693 0.5657051282051282 0.03485576923076923 0.04807692307692308
1 0.13701923076923078 0.6185897435897436 0.04326923076923077 0.049679487179487176
1 0.11658653846153846 0.6602564102564102 0.03365384615384615 0.04807692307692308
1 0.09975961538461539 0.6955128205128205 0.036057692307692304 0.052884615384615384
1 0.078125 0.7259615384615384 0.037259615384615384 0.027243589743589744
1 0.44591346153846156 0.6089743589743589 0.007211538461538462 0.1891025641025641
1 0.5048076923076923 0.5544871794871795 0.9050480769230769 0.3782051282051282