1 0.40865384615384615 0.5432692307692307 0.0733173076923077 0.09134615384615384
1 0.6694711538461539 0.5673076923076923 0.07572115384615384 0.10256410256410256
1 0.46875 0.6169871794871795 0.07211538461538461 0.09294871794871795
1 0.36658653846153844 0.6266025641025641 0.07211538461538461 0.09775641025641026
1 0.5600961538461539 0.6266025641025641 0.07932692307692307 0.10096153846153846
0 0.25600961538461536 0.6314102564102564 0.026442307692307692 0.3958333333333333
1 0.734375 0.6506410256410257 0.07932692307692307 0.11217948717948718
1 0.6310096153846154 0.657051282051282 0.06610576923076923 0.08653846153846154
2 0.4639423076923077 0.6586538461538461 0.7680288461538461 0.36538461538461536
1 0.23918269230769232 0.6955128205128205 0.0673076923076923 0.09455128205128205
1 0.4206730769230769 0.7003205128205128 0.07572115384615384 0.09775641025641026
1 0.5072115384615384 0.7147435897435898 0.07572115384615384 0.09615384615384616
1 0.3125 0.717948717948718 0.078125 0.09455128205128205
1 0.6742788461538461 0.7227564102564102 0.057692307692307696 0.08333333333333333
1 0.5805288461538461 0.7243589743589743 0.06971153846153846 0.08814102564102565
1 0.7908653846153846 0.7259615384615384 0.057692307692307696 0.08333333333333333
1 0.1310096153846154 0.7676282051282052 0.0829326923076923 0.11378205128205128
1 0.45552884615384615 0.7836538461538461 0.07091346153846154 0.08333333333333333
1 0.3786057692307692 0.7836538461538461 0.07091346153846154 0.07692307692307693
1 0.5264423076923077 0.7852564102564102 0.055288461538461536 0.05448717948717949
1 0.21394230769230768 0.7884615384615384 0.06971153846153846 0.08974358974358974
1 0.6454326923076923 0.7884615384615384 0.052884615384615384 0.07371794871794872
1 0.2932692307692308 0.7932692307692307 0.0625 0.07051282051282051
1 0.7331730769230769 0.7932692307692307 0.07692307692307693 0.07692307692307693
1 0.8125 0.7948717948717948 0.06009615384615385 0.05929487179487179