1 0.859375 0.6771653543307087 0.016826923076923076 0.03412073490813648
1 0.8221153846153846 0.6797900262467191 0.016826923076923076 0.031496062992125984
1 0.8125 0.6561679790026247 0.016826923076923076 0.03674540682414698
1 0.8004807692307693 0.6194225721784777 0.019230769230769232 0.04199475065616798
1 0.7896634615384616 0.6561679790026247 0.016826923076923076 0.03412073490813648
1 0.8040865384615384 0.6850393700787402 0.014423076923076924 0.028871391076115485
1 0.7752403846153846 0.6351706036745407 0.018028846153846152 0.03674540682414698
1 0.7764423076923077 0.6719160104986877 0.013221153846153846 0.03412073490813648
1 0.7596153846153846 0.6666666666666666 0.016826923076923076 0.03937007874015748
1 0.7548076923076923 0.6194225721784777 0.02403846153846154 0.047244094488188976
1 0.7403846153846154 0.6535433070866141 0.019230769230769232 0.03937007874015748
1 0.7391826923076923 0.5879265091863517 0.013221153846153846 0.03412073490813648
1 0.7307692307692307 0.6220472440944882 0.015625 0.03412073490813648
1 0.7223557692307693 0.6535433070866141 0.015625 0.04461942257217848
1 0.7019230769230769 0.6561679790026247 0.021634615384615384 0.05511811023622047
1 0.7319711538461539 0.5538057742782152 0.013221153846153846 0.03412073490813648
1 0.7235576923076923 0.5879265091863517 0.015625 0.03674540682414698
1 0.6995192307692307 0.5984251968503937 0.014423076923076924 0.03412073490813648
1 0.7151442307692307 0.6167979002624672 0.014423076923076924 0.028871391076115485
1 0.7079326923076923 0.5774278215223098 0.013221153846153846 0.028871391076115485
1 0.71875 0.5459317585301837 0.015625 0.03412073490813648
1 0.7127403846153846 0.5170603674540682 0.016826923076923076 0.03412073490813648
1 0.7043269230769231 0.5459317585301837 0.014423076923076924 0.028871391076115485
1 0.6947115384615384 0.5643044619422573 0.014423076923076924 0.03412073490813648
1 0.6838942307692307 0.5879265091863517 0.015625 0.031496062992125984
1 0.6850961538461539 0.6246719160104987 0.016826923076923076 0.03674540682414698
1 0.6802884615384616 0.6666666666666666 0.015625 0.03412073490813648
1 0.671875 0.6377952755905512 0.015625 0.03937007874015748
1 0.6622596153846154 0.6089238845144357 0.018028846153846152 0.03937007874015748
1 0.6694711538461539 0.5721784776902887 0.016826923076923076 0.03412073490813648
1 0.6802884615384616 0.5485564304461942 0.015625 0.03412073490813648
1 0.6935096153846154 0.5223097112860893 0.015625 0.03674540682414698
1 0.7019230769230769 0.49081364829396323 0.016826923076923076 0.03937007874015748
1 0.6887019230769231 0.4671916010498688 0.015625 0.03937007874015748
1 0.6802884615384616 0.5013123359580053 0.015625 0.03674540682414698
1 0.6634615384615384 0.5328083989501312 0.02283653846153846 0.04461942257217848
1 0.6730769230769231 0.45931758530183725 0.013221153846153846 0.03412073490813648
1 0.6670673076923077 0.48556430446194226 0.014423076923076924 0.03412073490813648
1 0.6526442307692307 0.49606299212598426 0.013221153846153846 0.031496062992125984
1 0.6442307692307693 0.5406824146981627 0.018028846153846152 0.04199475065616798
1 0.6526442307692307 0.5721784776902887 0.013221153846153846 0.028871391076115485
1 0.6418269230769231 0.5958005249343832 0.015625 0.03674540682414698
1 0.6502403846153846 0.6377952755905512 0.021634615384615384 0.04199475065616798
1 0.6598557692307693 0.6640419947506562 0.015625 0.028871391076115485
1 0.6370192307692307 0.6640419947506562 0.014423076923076924 0.03412073490813648
1 0.6274038461538461 0.6377952755905512 0.013221153846153846 0.031496062992125984
1 0.6189903846153846 0.6640419947506562 0.013221153846153846 0.031496062992125984
1 0.6129807692307693 0.6377952755905512 0.013221153846153846 0.028871391076115485
1 0.6274038461538461 0.6062992125984252 0.013221153846153846 0.028871391076115485
1 0.6262019230769231 0.5669291338582677 0.020432692307692308 0.049868766404199474
1 0.6237980769230769 0.5223097112860893 0.019230769230769232 0.04199475065616798
1 0.6117788461538461 0.49081364829396323 0.014423076923076924 0.03412073490813648
1 0.6286057692307693 0.48031496062992124 0.015625 0.04199475065616798
1 0.6394230769230769 0.5091863517060368 0.01201923076923077 0.028871391076115485
1 0.6442307692307693 0.47244094488188976 0.014423076923076924 0.031496062992125984
1 0.6586538461538461 0.4566929133858268 0.015625 0.03937007874015748
1 0.6670673076923077 0.41732283464566927 0.018028846153846152 0.04461942257217848
1 0.6298076923076923 0.4409448818897638 0.013221153846153846 0.028871391076115485
1 0.6442307692307693 0.4330708661417323 0.014423076923076924 0.031496062992125984
1 0.6502403846153846 0.3963254593175853 0.014423076923076924 0.04199475065616798
1 0.6310096153846154 0.4094488188976378 0.014423076923076924 0.031496062992125984
1 0.6165865384615384 0.4199475065616798 0.015625 0.03674540682414698
1 0.6081730769230769 0.45931758530183725 0.018028846153846152 0.03937007874015748
1 0.6201923076923077 0.38320209973753283 0.013221153846153846 0.028871391076115485
1 0.6358173076923077 0.3648293963254593 0.020432692307692308 0.04461942257217848
1 0.6165865384615384 0.34908136482939633 0.014423076923076924 0.03674540682414698
1 0.6045673076923077 0.3779527559055118 0.013221153846153846 0.03412073490813648
1 0.5985576923076923 0.4146981627296588 0.018028846153846152 0.047244094488188976
1 0.5997596153846154 0.34120734908136485 0.016826923076923076 0.04199475065616798
1 0.5877403846153846 0.3805774278215223 0.015625 0.04199475065616798
1 0.578125 0.4120734908136483 0.016826923076923076 0.03937007874015748
1 0.5877403846153846 0.45144356955380577 0.018028846153846152 0.03674540682414698
1 0.5913461538461539 0.48556430446194226 0.01201923076923077 0.031496062992125984
1 0.5973557692307693 0.5275590551181102 0.02283653846153846 0.04461942257217848
1 0.6081730769230769 0.5538057742782152 0.013221153846153846 0.028871391076115485
1 0.5961538461538461 0.5774278215223098 0.013221153846153846 0.028871391076115485
1 0.6081730769230769 0.6036745406824147 0.016826923076923076 0.03937007874015748
1 0.59375 0.6272965879265092 0.016826923076923076 0.04199475065616798
1 0.6045673076923077 0.6640419947506562 0.015625 0.03674540682414698
1 0.5793269230769231 0.6535433070866141 0.013221153846153846 0.031496062992125984
1 0.5637019230769231 0.6587926509186351 0.018028846153846152 0.03674540682414698
1 0.5709134615384616 0.6299212598425197 0.014423076923076924 0.03412073490813648
1 0.5829326923076923 0.5879265091863517 0.016826923076923076 0.03937007874015748
1 0.5661057692307693 0.5958005249343832 0.016826923076923076 0.031496062992125984
1 0.5408653846153846 0.6561679790026247 0.016826923076923076 0.03412073490813648
1 0.5540865384615384 0.6299212598425197 0.016826923076923076 0.03937007874015748
1 0.5793269230769231 0.5459317585301837 0.018028846153846152 0.03674540682414698
1 0.5769230769230769 0.5091863517060368 0.014423076923076924 0.031496062992125984
1 0.5649038461538461 0.5275590551181102 0.013221153846153846 0.03412073490813648
1 0.5588942307692307 0.5616797900262467 0.019230769230769232 0.03937007874015748
1 0.5504807692307693 0.5249343832020997 0.013221153846153846 0.03412073490813648
1 0.5612980769230769 0.49606299212598426 0.018028846153846152 0.03937007874015748
1 0.5745192307692307 0.47244094488188976 0.01201923076923077 0.031496062992125984
1 0.5661057692307693 0.4461942257217848 0.018028846153846152 0.03674540682414698
1 0.5552884615384616 0.4199475065616798 0.014423076923076924 0.031496062992125984
1 0.5612980769230769 0.3858267716535433 0.015625 0.03674540682414698
1 0.5721153846153846 0.35170603674540685 0.020432692307692308 0.04461942257217848
1 0.5829326923076923 0.3228346456692913 0.013221153846153846 0.028871391076115485
1 0.5721153846153846 0.29133858267716534 0.018028846153846152 0.03937007874015748
1 0.546875 0.2755905511811024 0.014423076923076924 0.028871391076115485
1 0.5564903846153846 0.31758530183727035 0.020432692307692308 0.047244094488188976
1 0.5480769230769231 0.46194225721784776 0.018028846153846152 0.03937007874015748
1 0.5360576923076923 0.43832020997375326 0.015625 0.03937007874015748
1 0.5396634615384616 0.3989501312335958 0.019230769230769232 0.04199475065616798
1 0.5432692307692307 0.35170603674540685 0.019230769230769232 0.04199475065616798
1 0.5372596153846154 0.31496062992125984 0.015625 0.03937007874015748
1 0.5228365384615384 0.29658792650918636 0.015625 0.03674540682414698
1 0.5264423076923077 0.34120734908136485 0.014423076923076924 0.028871391076115485
1 0.5240384615384616 0.3779527559055118 0.016826923076923076 0.04199475065616798
1 0.5204326923076923 0.4146981627296588 0.01201923076923077 0.031496062992125984
1 0.5132211538461539 0.45144356955380577 0.015625 0.031496062992125984
1 0.5252403846153846 0.47244094488188976 0.014423076923076924 0.031496062992125984
1 0.5372596153846154 0.49606299212598426 0.019230769230769232 0.03937007874015748
1 0.5288461538461539 0.5301837270341208 0.014423076923076924 0.031496062992125984
1 0.5420673076923077 0.5511811023622047 0.018028846153846152 0.031496062992125984
1 0.5396634615384616 0.5984251968503937 0.020432692307692308 0.047244094488188976
1 0.5240384615384616 0.5643044619422573 0.019230769230769232 0.03937007874015748
1 0.5240384615384616 0.6115485564304461 0.014423076923076924 0.03412073490813648
1 0.5276442307692307 0.6404199475065617 0.013221153846153846 0.028871391076115485
1 0.5180288461538461 0.6587926509186351 0.013221153846153846 0.028871391076115485
1 0.5 0.6587926509186351 0.015625 0.031496062992125984
1 0.5096153846153846 0.6299212598425197 0.015625 0.03674540682414698
1 0.5108173076923077 0.5931758530183727 0.015625 0.03674540682414698
1 0.5 0.5616797900262467 0.016826923076923076 0.04199475065616798
1 0.5108173076923077 0.5328083989501312 0.015625 0.03674540682414698
1 0.5168269230769231 0.5065616797900262 0.015625 0.03937007874015748
1 0.5072115384615384 0.4776902887139108 0.014423076923076924 0.031496062992125984
1 0.49759615384615385 0.5065616797900262 0.016826923076923076 0.03937007874015748
1 0.48677884615384615 0.5301837270341208 0.014423076923076924 0.03412073490813648
1 0.4807692307692308 0.5590551181102362 0.014423076923076924 0.031496062992125984
1 0.48677884615384615 0.5931758530183727 0.014423076923076924 0.031496062992125984
1 0.4951923076923077 0.6220472440944882 0.015625 0.03412073490813648
1 0.484375 0.6561679790026247 0.013221153846153846 0.031496062992125984
1 0.4675480769230769 0.6482939632545932 0.014423076923076924 0.03412073490813648
1 0.47716346153846156 0.6246719160104987 0.016826923076923076 0.04199475065616798
1 0.47115384615384615 0.5826771653543307 0.013221153846153846 0.03674540682414698
1 0.4675480769230769 0.5459317585301837 0.015625 0.031496062992125984
1 0.47836538461538464 0.5039370078740157 0.014423076923076924 0.031496062992125984
1 0.48677884615384615 0.4776902887139108 0.015625 0.03674540682414698
1 0.4963942307692308 0.4540682414698163 0.013221153846153846 0.03412073490813648
1 0.5036057692307693 0.4225721784776903 0.015625 0.031496062992125984
1 0.5072115384615384 0.3910761154855643 0.018028846153846152 0.03412073490813648
1 0.5108173076923077 0.3569553805774278 0.014423076923076924 0.03412073490813648
1 0.5120192307692307 0.32545931758530183 0.015625 0.03674540682414698
1 0.5024038461538461 0.29396325459317585 0.018028846153846152 0.03674540682414698
1 0.4855769230769231 0.30971128608923887 0.018028846153846152 0.04199475065616798
1 0.4951923076923077 0.33858267716535434 0.014423076923076924 0.031496062992125984
1 0.49399038461538464 0.37270341207349084 0.013221153846153846 0.031496062992125984
1 0.49399038461538464 0.4041994750656168 0.013221153846153846 0.026246719160104987
1 0.48677884615384615 0.4304461942257218 0.013221153846153846 0.026246719160104987
1 0.47596153846153844 0.4566929133858268 0.01201923076923077 0.026246719160104987
1 0.46634615384615385 0.5144356955380578 0.013221153846153846 0.031496062992125984
1 0.45913461538461536 0.5721784776902887 0.014423076923076924 0.031496062992125984
1 0.4567307692307692 0.6089238845144357 0.021634615384615384 0.04199475065616798
1 0.4519230769230769 0.6456692913385826 0.014423076923076924 0.031496062992125984
1 0.4795673076923077 0.3464566929133858 0.013221153846153846 0.031496062992125984
1 0.4795673076923077 0.3805774278215223 0.015625 0.03412073490813648
1 0.4735576923076923 0.4120734908136483 0.014423076923076924 0.03674540682414698
1 0.46153846153846156 0.4409448818897638 0.015625 0.03674540682414698
1 0.46634615384615385 0.48293963254593175 0.015625 0.031496062992125984
1 0.46875 0.29133858267716534 0.021634615384615384 0.04461942257217848
1 0.46634615384615385 0.33070866141732286 0.015625 0.031496062992125984
1 0.4639423076923077 0.3648293963254593 0.014423076923076924 0.03412073490813648
1 0.4579326923076923 0.4015748031496063 0.014423076923076924 0.03412073490813648
1 0.44711538461538464 0.42782152230971127 0.013221153846153846 0.026246719160104987
1 0.453125 0.46981627296587924 0.014423076923076924 0.031496062992125984
1 0.45072115384615385 0.5091863517060368 0.015625 0.03412073490813648
1 0.4495192307692308 0.5433070866141733 0.015625 0.031496062992125984
1 0.43990384615384615 0.5800524934383202 0.019230769230769232 0.03674540682414698
1 0.43990384615384615 0.6220472440944882 0.01201923076923077 0.028871391076115485
1 0.4266826923076923 0.6430446194225722 0.021634615384615384 0.04461942257217848
1 0.42427884615384615 0.6010498687664042 0.019230769230769232 0.04461942257217848
1 0.4098557692307692 0.6272965879265092 0.014423076923076924 0.028871391076115485
1 0.40625 0.5931758530183727 0.018028846153846152 0.03674540682414698
1 0.4182692307692308 0.5616797900262467 0.013221153846153846 0.026246719160104987
1 0.43028846153846156 0.5459317585301837 0.014423076923076924 0.028871391076115485
1 0.4362980769230769 0.5170603674540682 0.014423076923076924 0.031496062992125984
1 0.43990384615384615 0.4881889763779528 0.015625 0.031496062992125984
1 0.4387019230769231 0.4540682414698163 0.015625 0.03412073490813648
1 0.43509615384615385 0.4094488188976378 0.013221153846153846 0.028871391076115485
1 0.4483173076923077 0.3753280839895013 0.014423076923076924 0.03412073490813648
1 0.45072115384615385 0.34120734908136485 0.014423076923076924 0.03674540682414698
1 0.45072115384615385 0.2992125984251969 0.015625 0.03412073490813648
1 0.4375 0.3228346456692913 0.015625 0.031496062992125984
1 0.42788461538461536 0.34908136482939633 0.015625 0.03412073490813648
1 0.4254807692307692 0.3884514435695538 0.016826923076923076 0.031496062992125984
1 0.4254807692307692 0.4356955380577428 0.018028846153846152 0.03937007874015748
1 0.42427884615384615 0.47244094488188976 0.013221153846153846 0.031496062992125984
1 0.421875 0.5039370078740157 0.015625 0.031496062992125984
1 0.41586538461538464 0.5328083989501312 0.013221153846153846 0.028871391076115485
1 0.41225961538461536 0.36220472440944884 0.019230769230769232 0.04199475065616798
1 0.4110576923076923 0.4094488188976378 0.020432692307692308 0.04461942257217848
1 0.4110576923076923 0.4540682414698163 0.015625 0.03412073490813648
1 0.40865384615384615 0.48556430446194226 0.015625 0.03412073490813648
1 0.4026442307692308 0.5196850393700787 0.013221153846153846 0.031496062992125984
1 0.4026442307692308 0.5538057742782152 0.019230769230769232 0.03937007874015748
1 0.3894230769230769 0.5826771653543307 0.014423076923076924 0.03412073490813648
1 0.3942307692307692 0.6220472440944882 0.013221153846153846 0.031496062992125984
1 0.4026442307692308 0.6535433070866141 0.019230769230769232 0.03674540682414698
1 0.3798076923076923 0.6482939632545932 0.021634615384615384 0.049868766404199474
1 0.3798076923076923 0.6089238845144357 0.013221153846153846 0.031496062992125984
1 0.3954326923076923 0.3910761154855643 0.015625 0.03412073490813648
1 0.3954326923076923 0.4251968503937008 0.013221153846153846 0.031496062992125984
1 0.3942307692307692 0.46194225721784776 0.015625 0.03674540682414698
1 0.3870192307692308 0.5013123359580053 0.018028846153846152 0.03674540682414698
1 0.3870192307692308 0.5354330708661418 0.015625 0.028871391076115485
1 0.375 0.5590551181102362 0.013221153846153846 0.031496062992125984
1 0.3581730769230769 0.6561679790026247 0.016826923076923076 0.03674540682414698
1 0.36538461538461536 0.6220472440944882 0.014423076923076924 0.031496062992125984
1 0.36778846153846156 0.5879265091863517 0.015625 0.031496062992125984
1 0.359375 0.5590551181102362 0.013221153846153846 0.028871391076115485
1 0.38221153846153844 0.4015748031496063 0.018028846153846152 0.04199475065616798
1 0.38341346153846156 0.4409448818897638 0.013221153846153846 0.028871391076115485
1 0.36899038461538464 0.47244094488188976 0.016826923076923076 0.03412073490813648
1 0.36538461538461536 0.4330708661417323 0.015625 0.028871391076115485
1 0.36899038461538464 0.5065616797900262 0.014423076923076924 0.028871391076115485
1 0.36658653846153844 0.5354330708661418 0.014423076923076924 0.028871391076115485
1 0.35096153846153844 0.6194225721784777 0.013221153846153846 0.028871391076115485
1 0.33653846153846156 0.6220472440944882 0.01201923076923077 0.026246719160104987
1 0.34375 0.5853018372703412 0.020432692307692308 0.047244094488188976
1 0.3425480769230769 0.6509186351706037 0.015625 0.03674540682414698
1 0.3245192307692308 0.6482939632545932 0.018028846153846152 0.03937007874015748
1 0.3473557692307692 0.5406824146981627 0.015625 0.03674540682414698
1 0.3317307692307692 0.5564304461942258 0.014423076923076924 0.031496062992125984
1 0.3269230769230769 0.5879265091863517 0.013221153846153846 0.028871391076115485
1 0.3161057692307692 0.6115485564304461 0.015625 0.03412073490813648
1 0.3004807692307692 0.6482939632545932 0.015625 0.028871391076115485
1 0.3004807692307692 0.6220472440944882 0.014423076923076924 0.028871391076115485
1 0.30408653846153844 0.5879265091863517 0.01201923076923077 0.026246719160104987
1 0.31490384615384615 0.5669291338582677 0.015625 0.03674540682414698
1 0.31850961538461536 0.5354330708661418 0.016826923076923076 0.03674540682414698
1 0.33653846153846156 0.5118110236220472 0.018028846153846152 0.04199475065616798
1 0.3545673076923077 0.5118110236220472 0.015625 0.031496062992125984
1 0.3485576923076923 0.48293963254593175 0.015625 0.031496062992125984
1 0.35336538461538464 0.44881889763779526 0.015625 0.03674540682414698
1 0.3329326923076923 0.47244094488188976 0.015625 0.028871391076115485
1 0.31490384615384615 0.49343832020997375 0.021634615384615384 0.03937007874015748
1 0.30528846153846156 0.5170603674540682 0.014423076923076924 0.031496062992125984
1 0.3016826923076923 0.5485564304461942 0.013221153846153846 0.031496062992125984
1 0.28725961538461536 0.5564304461942258 0.015625 0.03674540682414698
1 0.27524038461538464 0.5748031496062992 0.014423076923076924 0.028871391076115485
1 0.28846153846153844 0.5879265091863517 0.015625 0.031496062992125984
1 0.27403846153846156 0.6115485564304461 0.018028846153846152 0.03937007874015748
1 0.2824519230769231 0.6482939632545932 0.016826923076923076 0.03937007874015748
1 0.2668269230769231 0.6509186351706037 0.013221153846153846 0.028871391076115485
1 0.25600961538461536 0.6246719160104987 0.015625 0.03412073490813648
1 0.25961538461538464 0.5905511811023622 0.014423076923076924 0.031496062992125984
1 0.2439903846153846 0.6010498687664042 0.015625 0.03412073490813648
1 0.22956730769230768 0.6062992125984252 0.013221153846153846 0.028871391076115485
1 0.23798076923076922 0.6351706036745407 0.014423076923076924 0.031496062992125984
1 0.25 0.6587926509186351 0.013221153846153846 0.028871391076115485
1 0.23197115384615385 0.6614173228346457 0.013221153846153846 0.026246719160104987
1 0.22355769230769232 0.6351706036745407 0.013221153846153846 0.028871391076115485
1 0.21394230769230768 0.6141732283464567 0.014423076923076924 0.028871391076115485
1 0.2091346153846154 0.6614173228346457 0.015625 0.028871391076115485
1 0.20192307692307693 0.6377952755905512 0.01201923076923077 0.026246719160104987
1 0.18990384615384615 0.6587926509186351 0.018028846153846152 0.03412073490813648
1 0.1875 0.6167979002624672 0.018028846153846152 0.03674540682414698
1 0.17307692307692307 0.6377952755905512 0.014423076923076924 0.031496062992125984
1 0.16105769230769232 0.6614173228346457 0.015625 0.03674540682414698
1 0.5144230769230769 0.4671916010498688 0.7331730769230769 0.47506561679790027