1 0.9639423076923077 0.8161434977578476 0.026442307692307692 0.06726457399103139
1 0.9375 0.8340807174887892 0.027644230769230768 0.07174887892376682
1 0.9170673076923077 0.7937219730941704 0.02283653846153846 0.07174887892376682
1 0.9483173076923077 0.757847533632287 0.026442307692307692 0.09417040358744394
1 0.9254807692307693 0.7040358744394619 0.030048076923076924 0.10762331838565023
1 0.9158653846153846 0.5919282511210763 0.03365384615384615 0.11210762331838565
1 0.9074519230769231 0.4977578475336323 0.019230769230769232 0.07174887892376682
1 0.8870192307692307 0.4439461883408072 0.02283653846153846 0.08520179372197309
1 0.8641826923076923 0.38565022421524664 0.02283653846153846 0.08071748878923767
1 0.8497596153846154 0.29596412556053814 0.030048076923076924 0.11210762331838565
1 0.8353365384615384 0.39461883408071746 0.019230769230769232 0.07623318385650224
1 0.8665865384615384 0.47533632286995514 0.019230769230769232 0.07623318385650224
1 0.8846153846153846 0.547085201793722 0.03245192307692308 0.11659192825112108
1 0.8569711538461539 0.5426008968609866 0.019230769230769232 0.07174887892376682
1 0.8497596153846154 0.452914798206278 0.019230769230769232 0.07174887892376682
1 0.8305288461538461 0.4618834080717489 0.016826923076923076 0.06726457399103139
1 0.8389423076923077 0.5246636771300448 0.016826923076923076 0.07174887892376682
1 0.8209134615384616 0.5515695067264574 0.018028846153846152 0.07174887892376682
1 0.8125 0.48878923766816146 0.018028846153846152 0.06726457399103139
1 0.8653846153846154 0.6278026905829597 0.02283653846153846 0.09865470852017937
1 0.8918269230769231 0.6591928251121076 0.026442307692307692 0.09865470852017937
1 0.8966346153846154 0.757847533632287 0.02403846153846154 0.08071748878923767
1 0.8966346153846154 0.8430493273542601 0.025240384615384616 0.07174887892376682
1 0.8786057692307693 0.7982062780269058 0.019230769230769232 0.06726457399103139
1 0.8713942307692307 0.8654708520179372 0.019230769230769232 0.053811659192825115
1 0.8473557692307693 0.852017937219731 0.025240384615384616 0.06278026905829596
1 0.8725961538461539 0.7219730941704036 0.02283653846153846 0.08071748878923767
1 0.8557692307692307 0.7847533632286996 0.02283653846153846 0.08968609865470852
1 0.8485576923076923 0.695067264573991 0.02403846153846154 0.08520179372197309
1 0.8377403846153846 0.6098654708520179 0.02403846153846154 0.09417040358744394
1 0.8233173076923077 0.6905829596412556 0.02403846153846154 0.09417040358744394
1 0.8365384615384616 0.7802690582959642 0.016826923076923076 0.07623318385650224
1 0.8233173076923077 0.8475336322869955 0.021634615384615384 0.07174887892376682
1 0.8125 0.7802690582959642 0.019230769230769232 0.07623318385650224
1 0.7980769230769231 0.7130044843049327 0.02403846153846154 0.09417040358744394
1 0.8028846153846154 0.6098654708520179 0.028846153846153848 0.09865470852017937
1 0.8257211538461539 0.24663677130044842 0.02283653846153846 0.09417040358744394
1 0.8100961538461539 0.336322869955157 0.028846153846153848 0.11210762331838565
1 0.7980769230769231 0.42152466367713004 0.021634615384615384 0.08968609865470852
1 0.7956730769230769 0.5291479820627802 0.016826923076923076 0.06726457399103139
1 0.7788461538461539 0.5739910313901345 0.025240384615384616 0.08968609865470852
1 0.7668269230769231 0.6681614349775785 0.025240384615384616 0.09417040358744394
1 0.7752403846153846 0.7623318385650224 0.025240384615384616 0.08968609865470852
1 0.7932692307692307 0.8340807174887892 0.030048076923076924 0.09865470852017937
1 0.7632211538461539 0.8475336322869955 0.025240384615384616 0.08071748878923767
1 0.7403846153846154 0.8251121076233184 0.018028846153846152 0.06278026905829596
1 0.7475961538461539 0.757847533632287 0.025240384615384616 0.09865470852017937
1 0.7163461538461539 0.8071748878923767 0.02403846153846154 0.09417040358744394
1 0.7235576923076923 0.726457399103139 0.026442307692307692 0.08968609865470852
1 0.7548076923076923 0.5874439461883408 0.016826923076923076 0.05829596412556054
1 0.7427884615384616 0.5426008968609866 0.018028846153846152 0.06278026905829596
1 0.7608173076923077 0.515695067264574 0.020432692307692308 0.07174887892376682
1 0.7776442307692307 0.4663677130044843 0.021634615384615384 0.08520179372197309
1 0.78125 0.39461883408071746 0.015625 0.06726457399103139
1 0.7884615384615384 0.3273542600896861 0.016826923076923076 0.06726457399103139
1 0.7944711538461539 0.24663677130044842 0.02403846153846154 0.09417040358744394
1 0.7728365384615384 0.21524663677130046 0.02403846153846154 0.08968609865470852
1 0.75 0.2556053811659193 0.019230769230769232 0.06278026905829596
1 0.7668269230769231 0.3183856502242152 0.025240384615384616 0.09417040358744394
1 0.7560096153846154 0.4170403587443946 0.028846153846153848 0.1031390134529148
1 0.7355769230769231 0.4663677130044843 0.019230769230769232 0.07623318385650224
1 0.7391826923076923 0.6502242152466368 0.02403846153846154 0.09417040358744394
1 0.7427884615384616 0.3273542600896861 0.020432692307692308 0.08520179372197309
1 0.7223557692307693 0.38565022421524664 0.02283653846153846 0.09417040358744394
1 0.7271634615384616 0.2556053811659193 0.021634615384615384 0.07623318385650224
1 0.7079326923076923 0.3004484304932735 0.025240384615384616 0.08968609865470852
1 0.6995192307692307 0.21524663677130046 0.02283653846153846 0.07623318385650224
1 0.6935096153846154 0.4080717488789238 0.027644230769230768 0.10762331838565023
1 0.7139423076923077 0.4798206278026906 0.021634615384615384 0.08520179372197309
1 0.71875 0.5829596412556054 0.03485576923076923 0.11659192825112108
1 0.7019230769230769 0.6591928251121076 0.02283653846153846 0.08968609865470852
1 0.7007211538461539 0.7443946188340808 0.016826923076923076 0.06726457399103139
1 0.6911057692307693 0.8026905829596412 0.02283653846153846 0.08071748878923767
1 0.6658653846153846 0.8026905829596412 0.02403846153846154 0.08968609865470852
1 0.6814903846153846 0.7174887892376681 0.026442307692307692 0.10762331838565023
1 0.6826923076923077 0.6098654708520179 0.020432692307692308 0.08968609865470852
1 0.6911057692307693 0.5246636771300448 0.026442307692307692 0.09865470852017937
1 0.6778846153846154 0.2645739910313901 0.025240384615384616 0.08968609865470852
1 0.6742788461538461 0.3452914798206278 0.020432692307692308 0.07623318385650224
1 0.6706730769230769 0.45739910313901344 0.025240384615384616 0.09865470852017937
1 0.6574519230769231 0.5515695067264574 0.02283653846153846 0.08071748878923767
1 0.6598557692307693 0.6322869955156951 0.019230769230769232 0.08071748878923767
1 0.6526442307692307 0.7130044843049327 0.02283653846153846 0.09417040358744394
1 0.6394230769230769 0.7847533632286996 0.02403846153846154 0.08520179372197309
1 0.6490384615384616 0.2645739910313901 0.02403846153846154 0.09417040358744394
1 0.6526442307692307 0.37668161434977576 0.026442307692307692 0.09417040358744394
1 0.6430288461538461 0.4663677130044843 0.026442307692307692 0.09865470852017937
1 0.6334134615384616 0.5605381165919282 0.02283653846153846 0.07174887892376682
1 0.6310096153846154 0.6591928251121076 0.030048076923076924 0.11210762331838565
1 0.6129807692307693 0.757847533632287 0.03365384615384615 0.13004484304932734
1 0.6225961538461539 0.25112107623318386 0.025240384615384616 0.09417040358744394
1 0.6286057692307693 0.34080717488789236 0.020432692307692308 0.08071748878923767
1 0.6165865384615384 0.452914798206278 0.020432692307692308 0.07174887892376682
1 0.6045673076923077 0.5246636771300448 0.015625 0.06726457399103139
1 0.6129807692307693 0.5964125560538116 0.019230769230769232 0.07174887892376682
1 0.5961538461538461 0.6636771300448431 0.026442307692307692 0.10762331838565023
1 0.5745192307692307 0.7668161434977578 0.026442307692307692 0.09417040358744394
1 0.5973557692307693 0.27802690582959644 0.025240384615384616 0.08968609865470852
1 0.6033653846153846 0.3811659192825112 0.026442307692307692 0.10762331838565023
1 0.5829326923076923 0.45739910313901344 0.028846153846153848 0.11210762331838565
1 0.5829326923076923 0.5695067264573991 0.030048076923076924 0.09865470852017937
1 0.5637019230769231 0.6591928251121076 0.03125 0.10762331838565023
1 0.5456730769230769 0.7443946188340808 0.028846153846153848 0.09865470852017937
1 0.5745192307692307 0.24663677130044842 0.018028846153846152 0.06726457399103139
1 0.5757211538461539 0.3452914798206278 0.02403846153846154 0.08968609865470852
1 0.5612980769230769 0.4125560538116592 0.019230769230769232 0.07174887892376682
1 0.5516826923076923 0.4798206278026906 0.019230769230769232 0.07623318385650224
1 0.5552884615384616 0.5605381165919282 0.02283653846153846 0.08968609865470852
1 0.5408653846153846 0.6233183856502242 0.019230769230769232 0.07623318385650224
1 0.5240384615384616 0.6860986547085202 0.019230769230769232 0.07623318385650224
1 0.5132211538461539 0.7623318385650224 0.025240384615384616 0.08071748878923767
1 0.5564903846153846 0.2825112107623318 0.02403846153846154 0.08968609865470852
1 0.5408653846153846 0.3632286995515695 0.021634615384615384 0.07174887892376682
1 0.5264423076923077 0.4304932735426009 0.027644230769230768 0.09417040358744394
1 0.5324519230769231 0.5201793721973094 0.019230769230769232 0.07623318385650224
1 0.5180288461538461 0.57847533632287 0.02403846153846154 0.08968609865470852
1 0.4987980769230769 0.6636771300448431 0.03245192307692308 0.11659192825112108
1 0.4855769230769231 0.757847533632287 0.02403846153846154 0.08520179372197309
1 0.53125 0.21973094170403587 0.020432692307692308 0.07174887892376682
1 0.5204326923076923 0.30493273542600896 0.030048076923076924 0.10762331838565023
1 0.5048076923076923 0.39461883408071746 0.021634615384615384 0.07174887892376682
1 0.5084134615384616 0.4977578475336323 0.02283653846153846 0.08520179372197309
1 0.49278846153846156 0.5605381165919282 0.018028846153846152 0.06278026905829596
1 0.46875 0.6143497757847534 0.03485576923076923 0.12556053811659193
1 0.4495192307692308 0.7354260089686099 0.042067307692307696 0.16143497757847533
1 0.47716346153846156 0.515695067264574 0.016826923076923076 0.06726457399103139
1 0.4855769230769231 0.4349775784753363 0.026442307692307692 0.1031390134529148
1 0.4579326923076923 0.515695067264574 0.019230769230769232 0.07174887892376682
1 0.5 0.25112107623318386 0.02283653846153846 0.08968609865470852
1 0.4807692307692308 0.3273542600896861 0.028846153846153848 0.10762331838565023
1 0.47475961538461536 0.23318385650224216 0.019230769230769232 0.07174887892376682
1 0.45072115384615385 0.19730941704035873 0.02283653846153846 0.08071748878923767
1 0.4519230769230769 0.3004484304932735 0.025240384615384616 0.09417040358744394
1 0.45913461538461536 0.3991031390134529 0.026442307692307692 0.09865470852017937
1 0.4411057692307692 0.47533632286995514 0.021634615384615384 0.08071748878923767
1 0.4375 0.5829596412556054 0.02403846153846154 0.09417040358744394
1 0.4254807692307692 0.6681614349775785 0.021634615384615384 0.08520179372197309
1 0.41225961538461536 0.757847533632287 0.026442307692307692 0.10762331838565023
1 0.42788461538461536 0.24663677130044842 0.02283653846153846 0.08968609865470852
1 0.42788461538461536 0.34977578475336324 0.03125 0.10762331838565023
1 0.41466346153846156 0.4349775784753363 0.02403846153846154 0.08071748878923767
1 0.4182692307692308 0.5246636771300448 0.027644230769230768 0.09417040358744394
1 0.40384615384615385 0.6143497757847534 0.02283653846153846 0.09417040358744394
1 0.390625 0.7174887892376681 0.020432692307692308 0.07174887892376682
1 0.37740384615384615 0.7713004484304933 0.026442307692307692 0.08968609865470852
1 0.39783653846153844 0.3452914798206278 0.025240384615384616 0.09417040358744394
1 0.38341346153846156 0.42152466367713004 0.025240384615384616 0.08071748878923767
1 0.3870192307692308 0.5201793721973094 0.03365384615384615 0.11210762331838565
1 0.3786057692307692 0.6322869955156951 0.021634615384615384 0.07623318385650224
1 0.36177884615384615 0.695067264573991 0.02403846153846154 0.08071748878923767
1 0.3473557692307692 0.7623318385650224 0.025240384615384616 0.08520179372197309
1 0.3605769230769231 0.5695067264573991 0.02283653846153846 0.08968609865470852
1 0.3425480769230769 0.6322869955156951 0.021634615384615384 0.07174887892376682
1 0.3317307692307692 0.6905829596412556 0.020432692307692308 0.07623318385650224
1 0.32211538461538464 0.7668161434977578 0.019230769230769232 0.06726457399103139
1 0.35697115384615385 0.47533632286995514 0.02403846153846154 0.09417040358744394
1 0.33533653846153844 0.5426008968609866 0.027644230769230768 0.1031390134529148
1 0.31850961538461536 0.6188340807174888 0.02283653846153846 0.07623318385650224
1 0.30528846153846156 0.7040358744394619 0.027644230769230768 0.09865470852017937
1 0.2848557692307692 0.7623318385650224 0.020432692307692308 0.06726457399103139
1 0.40024038461538464 0.23318385650224216 0.030048076923076924 0.11659192825112108
1 0.36899038461538464 0.27802690582959644 0.028846153846153848 0.11210762331838565
1 0.3545673076923077 0.3721973094170404 0.021634615384615384 0.07623318385650224
1 0.31971153846153844 0.4439461883408072 0.028846153846153848 0.1031390134529148
1 0.3016826923076923 0.515695067264574 0.028846153846153848 0.09417040358744394
1 0.29447115384615385 0.6098654708520179 0.021634615384615384 0.08071748878923767
1 0.27403846153846156 0.672645739910314 0.02403846153846154 0.09417040358744394
1 0.25841346153846156 0.7488789237668162 0.025240384615384616 0.09865470852017937
1 0.33052884615384615 0.3542600896860987 0.02283653846153846 0.09417040358744394
1 0.3485576923076923 0.21076233183856502 0.02283653846153846 0.08968609865470852
1 0.3233173076923077 0.2556053811659193 0.026442307692307692 0.08968609865470852
1 0.3088942307692308 0.3542600896860987 0.018028846153846152 0.07174887892376682
1 0.2920673076923077 0.4080717488789238 0.025240384615384616 0.09417040358744394
1 0.2764423076923077 0.48878923766816146 0.021634615384615384 0.08071748878923767
1 0.2644230769230769 0.5695067264573991 0.028846153846153848 0.11210762331838565
1 0.24519230769230768 0.6591928251121076 0.03125 0.09417040358744394
1 0.22235576923076922 0.7443946188340808 0.036057692307692304 0.11659192825112108
1 0.296875 0.2825112107623318 0.025240384615384616 0.09417040358744394
1 0.27524038461538464 0.33183856502242154 0.02283653846153846 0.08520179372197309
1 0.25600961538461536 0.4125560538116592 0.030048076923076924 0.11210762331838565
1 0.24278846153846154 0.5022421524663677 0.02283653846153846 0.08520179372197309
1 0.23798076923076922 0.57847533632287 0.019230769230769232 0.07174887892376682
1 0.21514423076923078 0.6233183856502242 0.02283653846153846 0.08968609865470852
1 0.18990384615384615 0.6591928251121076 0.026442307692307692 0.10762331838565023
1 0.17668269230769232 0.7533632286995515 0.028846153846153848 0.10762331838565023
1 0.19951923076923078 0.57847533632287 0.019230769230769232 0.06726457399103139
1 0.21754807692307693 0.5381165919282511 0.019230769230769232 0.06726457399103139
1 0.22115384615384615 0.4618834080717489 0.02283653846153846 0.08520179372197309
1 0.23076923076923078 0.3721973094170404 0.019230769230769232 0.07623318385650224
1 0.24639423076923078 0.30493273542600896 0.025240384615384616 0.09417040358744394
1 0.265625 0.23766816143497757 0.02283653846153846 0.09417040358744394
1 0.2860576923076923 0.17937219730941703 0.02283653846153846 0.08968609865470852
1 0.23918269230769232 0.2062780269058296 0.027644230769230768 0.09417040358744394
1 0.22235576923076922 0.29596412556053814 0.025240384615384616 0.08968609865470852
1 0.20673076923076922 0.37668161434977576 0.02283653846153846 0.08520179372197309
1 0.19230769230769232 0.47085201793721976 0.03365384615384615 0.13452914798206278
1 0.171875 0.5650224215246636 0.028846153846153848 0.11210762331838565
1 0.14783653846153846 0.6412556053811659 0.03365384615384615 0.12556053811659193
1 0.12860576923076922 0.7399103139013453 0.03485576923076923 0.12556053811659193
1 0.21754807692307693 0.14349775784753363 0.020432692307692308 0.06726457399103139
1 0.20432692307692307 0.2242152466367713 0.026442307692307692 0.10762331838565023
1 0.18389423076923078 0.33183856502242154 0.02403846153846154 0.09417040358744394
1 0.16346153846153846 0.4080717488789238 0.03365384615384615 0.12556053811659193
1 0.140625 0.5112107623318386 0.03485576923076923 0.12556053811659193
1 0.11778846153846154 0.600896860986547 0.028846153846153848 0.10762331838565023
1 0.10096153846153846 0.6816143497757847 0.025240384615384616 0.09417040358744394
1 0.09735576923076923 0.7757847533632287 0.025240384615384616 0.08071748878923767
1 0.15985576923076922 0.273542600896861 0.027644230769230768 0.10762331838565023
1 0.13701923076923078 0.34977578475336324 0.027644230769230768 0.10762331838565023
1 0.11538461538461539 0.43946188340807174 0.028846153846153848 0.10762331838565023
1 0.0889423076923077 0.5246636771300448 0.036057692307692304 0.13452914798206278
1 0.07211538461538461 0.6412556053811659 0.03365384615384615 0.11659192825112108
1 0.0673076923076923 0.7623318385650224 0.03125 0.11210762331838565
1 0.5 0.6143497757847534 0.007211538461538462 0.336322869955157
1 0.5060096153846154 0.49327354260089684 0.9519230769230769 0.8340807174887892