1 0.31850961538461536 0.5160256410256411 0.055288461538461536 0.0641025641025641
1 0.25721153846153844 0.5176282051282052 0.0829326923076923 0.09935897435897435
1 0.40384615384615385 0.532051282051282 0.046875 0.05608974358974359
1 0.7019230769230769 0.5400641025641025 0.04326923076923077 0.0641025641025641
1 0.4675480769230769 0.5432692307692307 0.04807692307692308 0.07211538461538461
1 0.7439903846153846 0.5448717948717948 0.038461538461538464 0.05128205128205128
1 0.6201923076923077 0.5480769230769231 0.046875 0.07051282051282051
1 0.5480769230769231 0.5592948717948718 0.06490384615384616 0.08814102564102565
1 0.20793269230769232 0.5769230769230769 0.054086538461538464 0.07532051282051282
1 0.3545673076923077 0.5785256410256411 0.078125 0.09294871794871795
1 0.42788461538461536 0.5865384615384616 0.057692307692307696 0.07532051282051282
1 0.5 0.5897435897435898 0.04927884615384615 0.05608974358974359
1 0.6622596153846154 0.5913461538461539 0.0625 0.08333333333333333
1 0.765625 0.594551282051282 0.038461538461538464 0.052884615384615384
1 0.5925480769230769 0.5977564102564102 0.040865384615384616 0.05608974358974359
1 0.7223557692307693 0.5977564102564102 0.057692307692307696 0.0625
1 0.28725961538461536 0.6041666666666666 0.054086538461538464 0.060897435897435896
1 0.4639423076923077 0.6266025641025641 0.038461538461538464 0.05929487179487179
1 0.5240384615384616 0.6362179487179487 0.04447115384615385 0.05929487179487179
1 0.16706730769230768 0.6362179487179487 0.06490384615384616 0.08814102564102565
1 0.3954326923076923 0.6378205128205128 0.042067307692307696 0.057692307692307696
2 0.46875 0.6442307692307693 0.9338942307692307 0.35096153846153844
1 0.6213942307692307 0.6442307692307693 0.04927884615384615 0.0641025641025641
1 0.23677884615384615 0.6474358974358975 0.06610576923076923 0.08974358974358974
1 0.7932692307692307 0.6538461538461539 0.056490384615384616 0.08653846153846154
1 0.6754807692307693 0.657051282051282 0.04326923076923077 0.05608974358974359
1 0.35096153846153844 0.6634615384615384 0.057692307692307696 0.07532051282051282
1 0.4338942307692308 0.6650641025641025 0.046875 0.060897435897435896
1 0.7259615384615384 0.6682692307692307 0.057692307692307696 0.07211538461538461
1 0.2956730769230769 0.6682692307692307 0.07091346153846154 0.07371794871794872
0 0.40865384615384615 0.6714743589743589 0.015625 0.2932692307692308
1 0.8329326923076923 0.6826923076923077 0.038461538461538464 0.04807692307692308
1 0.4951923076923077 0.6826923076923077 0.04447115384615385 0.07211538461538461
1 0.6478365384615384 0.6891025641025641 0.04447115384615385 0.05608974358974359
1 0.5709134615384616 0.6939102564102564 0.07091346153846154 0.08653846153846154
1 0.125 0.7099358974358975 0.057692307692307696 0.06891025641025642
1 0.3942307692307692 0.7115384615384616 0.06009615384615385 0.07371794871794872
1 0.7680288461538461 0.7131410256410257 0.036057692307692304 0.05448717948717949
1 0.6911057692307693 0.719551282051282 0.03245192307692308 0.052884615384615384
1 0.20552884615384615 0.7323717948717948 0.09254807692307693 0.10096153846153846
1 0.453125 0.7339743589743589 0.06370192307692307 0.08333333333333333
1 0.5132211538461539 0.7339743589743589 0.04447115384615385 0.046474358974358976
1 0.8701923076923077 0.7355769230769231 0.05048076923076923 0.06891025641025642
1 0.8185096153846154 0.7371794871794872 0.04326923076923077 0.04807692307692308
1 0.33774038461538464 0.7387820512820513 0.04807692307692308 0.07051282051282051
1 0.6153846153846154 0.7435897435897436 0.05048076923076923 0.0641025641025641
1 0.08173076923076923 0.7435897435897436 0.042067307692307696 0.060897435897435896
1 0.2824519230769231 0.7451923076923077 0.05889423076923077 0.07692307692307693
1 0.6586538461538461 0.7467948717948718 0.03365384615384615 0.05929487179487179
1 0.734375 0.7467948717948718 0.038461538461538464 0.060897435897435896
1 0.14423076923076922 0.7708333333333334 0.054086538461538464 0.0625
1 0.7728365384615384 0.7724358974358975 0.040865384615384616 0.05929487179487179
1 0.5492788461538461 0.7740384615384616 0.07211538461538461 0.08333333333333333
1 0.03485576923076923 0.7788461538461539 0.06490384615384616 0.08653846153846154
1 0.39663461538461536 0.7916666666666666 0.06129807692307692 0.0641025641025641
1 0.48197115384615385 0.7916666666666666 0.055288461538461536 0.0641025641025641
1 0.8197115384615384 0.7916666666666666 0.05048076923076923 0.05448717948717949
1 0.6838942307692307 0.7932692307692307 0.055288461538461536 0.07051282051282051
1 0.8894230769230769 0.7932692307692307 0.052884615384615384 0.057692307692307696
1 0.24879807692307693 0.7964743589743589 0.06129807692307692 0.06891025641025642
1 0.3016826923076923 0.7996794871794872 0.04447115384615385 0.038461538461538464
1 0.7463942307692307 0.8028846153846154 0.036057692307692304 0.038461538461538464
1 0.09615384615384616 0.8028846153846154 0.052884615384615384 0.052884615384615384
1 0.1814903846153846 0.8028846153846154 0.04447115384615385 0.046474358974358976
1 0.609375 0.8044871794871795 0.04807692307692308 0.04006410256410257
1 0.35216346153846156 0.8060897435897436 0.042067307692307696 0.04807692307692308