1 0.140625 0.675392670157068 0.016826923076923076 0.034031413612565446
1 0.1778846153846154 0.6780104712041884 0.016826923076923076 0.031413612565445025
1 0.1875 0.6544502617801047 0.016826923076923076 0.03664921465968586
1 0.19951923076923078 0.6178010471204188 0.019230769230769232 0.041884816753926704
1 0.21033653846153846 0.6544502617801047 0.016826923076923076 0.034031413612565446
1 0.19591346153846154 0.6832460732984293 0.014423076923076924 0.028795811518324606
1 0.2247596153846154 0.6335078534031413 0.018028846153846152 0.03664921465968586
1 0.22355769230769232 0.6701570680628273 0.013221153846153846 0.034031413612565446
1 0.2403846153846154 0.6649214659685864 0.016826923076923076 0.03926701570680628
1 0.24519230769230768 0.6178010471204188 0.02403846153846154 0.04712041884816754
1 0.25961538461538464 0.6518324607329843 0.019230769230769232 0.03926701570680628
1 0.2608173076923077 0.5863874345549738 0.013221153846153846 0.034031413612565446
1 0.2692307692307692 0.6204188481675392 0.015625 0.034031413612565446
1 0.2776442307692308 0.6518324607329843 0.015625 0.04450261780104712
1 0.2980769230769231 0.6544502617801047 0.021634615384615384 0.0549738219895288
1 0.26802884615384615 0.5523560209424084 0.013221153846153846 0.034031413612565446
1 0.2764423076923077 0.5863874345549738 0.015625 0.03664921465968586
1 0.3004807692307692 0.5968586387434555 0.014423076923076924 0.034031413612565446
1 0.2848557692307692 0.6151832460732984 0.014423076923076924 0.028795811518324606
1 0.2920673076923077 0.5759162303664922 0.013221153846153846 0.028795811518324606
1 0.28125 0.5445026178010471 0.015625 0.034031413612565446
1 0.28725961538461536 0.5157068062827225 0.016826923076923076 0.034031413612565446
1 0.2956730769230769 0.5445026178010471 0.014423076923076924 0.028795811518324606
1 0.30528846153846156 0.56282722513089 0.014423076923076924 0.034031413612565446
1 0.3161057692307692 0.5863874345549738 0.015625 0.031413612565445025
1 0.31490384615384615 0.6230366492146597 0.016826923076923076 0.03664921465968586
1 0.31971153846153844 0.6649214659685864 0.015625 0.034031413612565446
1 0.328125 0.6361256544502618 0.015625 0.03926701570680628
1 0.33774038461538464 0.6073298429319371 0.018028846153846152 0.03926701570680628
1 0.33052884615384615 0.5706806282722513 0.016826923076923076 0.034031413612565446
1 0.31971153846153844 0.5471204188481675 0.015625 0.034031413612565446
1 0.30649038461538464 0.5209424083769634 0.015625 0.03664921465968586
1 0.2980769230769231 0.4895287958115183 0.016826923076923076 0.03926701570680628
1 0.3112980769230769 0.46596858638743455 0.015625 0.03926701570680628
1 0.31971153846153844 0.5 0.015625 0.03664921465968586
1 0.33653846153846156 0.5314136125654451 0.02283653846153846 0.04450261780104712
1 0.3269230769230769 0.4581151832460733 0.013221153846153846 0.034031413612565446
1 0.3329326923076923 0.48429319371727747 0.014423076923076924 0.034031413612565446
1 0.3473557692307692 0.49476439790575916 0.013221153846153846 0.031413612565445025
1 0.3557692307692308 0.5392670157068062 0.018028846153846152 0.041884816753926704
1 0.3473557692307692 0.5706806282722513 0.013221153846153846 0.028795811518324606
1 0.3581730769230769 0.5942408376963351 0.015625 0.03664921465968586
1 0.34975961538461536 0.6361256544502618 0.021634615384615384 0.041884816753926704
1 0.3401442307692308 0.662303664921466 0.015625 0.028795811518324606
1 0.3629807692307692 0.662303664921466 0.014423076923076924 0.034031413612565446
1 0.37259615384615385 0.6361256544502618 0.013221153846153846 0.031413612565445025
1 0.38100961538461536 0.662303664921466 0.013221153846153846 0.031413612565445025
1 0.3870192307692308 0.6361256544502618 0.013221153846153846 0.028795811518324606
1 0.37259615384615385 0.6047120418848168 0.013221153846153846 0.028795811518324606
1 0.3737980769230769 0.5654450261780105 0.020432692307692308 0.049738219895287955
1 0.3762019230769231 0.5209424083769634 0.019230769230769232 0.041884816753926704
1 0.38822115384615385 0.4895287958115183 0.014423076923076924 0.034031413612565446
1 0.3713942307692308 0.4790575916230366 0.015625 0.041884816753926704
1 0.3605769230769231 0.5078534031413613 0.01201923076923077 0.028795811518324606
1 0.3557692307692308 0.4712041884816754 0.014423076923076924 0.031413612565445025
1 0.34134615384615385 0.45549738219895286 0.015625 0.03926701570680628
1 0.3329326923076923 0.4162303664921466 0.018028846153846152 0.04450261780104712
1 0.3701923076923077 0.4397905759162304 0.013221153846153846 0.028795811518324606
1 0.3557692307692308 0.4319371727748691 0.014423076923076924 0.031413612565445025
1 0.34975961538461536 0.39528795811518325 0.014423076923076924 0.041884816753926704
1 0.36899038461538464 0.4083769633507853 0.014423076923076924 0.031413612565445025
1 0.38341346153846156 0.418848167539267 0.015625 0.03664921465968586
1 0.3918269230769231 0.4581151832460733 0.018028846153846152 0.03926701570680628
1 0.3798076923076923 0.38219895287958117 0.013221153846153846 0.028795811518324606
1 0.3641826923076923 0.36387434554973824 0.020432692307692308 0.04450261780104712
1 0.38341346153846156 0.3481675392670157 0.014423076923076924 0.03664921465968586
1 0.3954326923076923 0.3769633507853403 0.013221153846153846 0.034031413612565446
1 0.4014423076923077 0.41361256544502617 0.018028846153846152 0.04712041884816754
1 0.40024038461538464 0.3403141361256545 0.016826923076923076 0.041884816753926704
1 0.41225961538461536 0.3795811518324607 0.015625 0.041884816753926704
1 0.421875 0.4109947643979058 0.016826923076923076 0.03926701570680628
1 0.41225961538461536 0.450261780104712 0.018028846153846152 0.03664921465968586
1 0.40865384615384615 0.48429319371727747 0.01201923076923077 0.031413612565445025
1 0.4026442307692308 0.5261780104712042 0.02283653846153846 0.04450261780104712
1 0.3918269230769231 0.5523560209424084 0.013221153846153846 0.028795811518324606
1 0.40384615384615385 0.5759162303664922 0.013221153846153846 0.028795811518324606
1 0.3918269230769231 0.6020942408376964 0.016826923076923076 0.03926701570680628
1 0.40625 0.6256544502617801 0.016826923076923076 0.041884816753926704
1 0.3954326923076923 0.662303664921466 0.015625 0.03664921465968586
1 0.4206730769230769 0.6518324607329843 0.013221153846153846 0.031413612565445025
1 0.4362980769230769 0.6570680628272252 0.018028846153846152 0.03664921465968586
1 0.42908653846153844 0.6282722513089005 0.014423076923076924 0.034031413612565446
1 0.4170673076923077 0.5863874345549738 0.016826923076923076 0.03926701570680628
1 0.4338942307692308 0.5942408376963351 0.016826923076923076 0.031413612565445025
1 0.45913461538461536 0.6544502617801047 0.016826923076923076 0.034031413612565446
1 0.44591346153846156 0.6282722513089005 0.016826923076923076 0.03926701570680628
1 0.4206730769230769 0.5445026178010471 0.018028846153846152 0.03664921465968586
1 0.4230769230769231 0.5078534031413613 0.014423076923076924 0.031413612565445025
1 0.43509615384615385 0.5261780104712042 0.013221153846153846 0.034031413612565446
1 0.4411057692307692 0.5602094240837696 0.019230769230769232 0.03926701570680628
1 0.4495192307692308 0.5235602094240838 0.013221153846153846 0.034031413612565446
1 0.4387019230769231 0.49476439790575916 0.018028846153846152 0.03926701570680628
1 0.4254807692307692 0.4712041884816754 0.01201923076923077 0.031413612565445025
1 0.4338942307692308 0.44502617801047123 0.018028846153846152 0.03664921465968586
1 0.44471153846153844 0.418848167539267 0.014423076923076924 0.031413612565445025
1 0.4387019230769231 0.38481675392670156 0.015625 0.03664921465968586
1 0.42788461538461536 0.3507853403141361 0.020432692307692308 0.04450261780104712
1 0.4170673076923077 0.3219895287958115 0.013221153846153846 0.028795811518324606
1 0.42788461538461536 0.2905759162303665 0.018028846153846152 0.03926701570680628
1 0.453125 0.27486910994764396 0.014423076923076924 0.028795811518324606
1 0.44350961538461536 0.31675392670157065 0.020432692307692308 0.04712041884816754
1 0.4519230769230769 0.4607329842931937 0.018028846153846152 0.03926701570680628
1 0.4639423076923077 0.43717277486910994 0.015625 0.03926701570680628
1 0.46033653846153844 0.39790575916230364 0.019230769230769232 0.041884816753926704
1 0.4567307692307692 0.3507853403141361 0.019230769230769232 0.041884816753926704
1 0.46274038461538464 0.31413612565445026 0.015625 0.03926701570680628
1 0.47716346153846156 0.29581151832460734 0.015625 0.03664921465968586
1 0.4735576923076923 0.3403141361256545 0.014423076923076924 0.028795811518324606
1 0.47596153846153844 0.3769633507853403 0.016826923076923076 0.041884816753926704
1 0.4795673076923077 0.41361256544502617 0.01201923076923077 0.031413612565445025
1 0.48677884615384615 0.450261780104712 0.015625 0.031413612565445025
1 0.47475961538461536 0.4712041884816754 0.014423076923076924 0.031413612565445025
1 0.46274038461538464 0.49476439790575916 0.019230769230769232 0.03926701570680628
1 0.47115384615384615 0.5287958115183246 0.014423076923076924 0.031413612565445025
1 0.4579326923076923 0.5497382198952879 0.018028846153846152 0.031413612565445025
1 0.46033653846153844 0.5968586387434555 0.020432692307692308 0.04712041884816754
1 0.47596153846153844 0.56282722513089 0.019230769230769232 0.03926701570680628
1 0.47596153846153844 0.6099476439790575 0.014423076923076924 0.034031413612565446
1 0.4723557692307692 0.6387434554973822 0.013221153846153846 0.028795811518324606
1 0.48197115384615385 0.6570680628272252 0.013221153846153846 0.028795811518324606
1 0.5 0.6570680628272252 0.015625 0.031413612565445025
1 0.49038461538461536 0.6282722513089005 0.015625 0.03664921465968586
1 0.4891826923076923 0.5916230366492147 0.015625 0.03664921465968586
1 0.5 0.5602094240837696 0.016826923076923076 0.041884816753926704
1 0.4891826923076923 0.5314136125654451 0.015625 0.03664921465968586
1 0.4831730769230769 0.5052356020942408 0.015625 0.03926701570680628
1 0.49278846153846156 0.47643979057591623 0.014423076923076924 0.031413612565445025
1 0.5024038461538461 0.5052356020942408 0.016826923076923076 0.03926701570680628
1 0.5132211538461539 0.5287958115183246 0.014423076923076924 0.034031413612565446
1 0.5192307692307693 0.5575916230366492 0.014423076923076924 0.031413612565445025
1 0.5132211538461539 0.5916230366492147 0.014423076923076924 0.031413612565445025
1 0.5048076923076923 0.6204188481675392 0.015625 0.034031413612565446
1 0.515625 0.6544502617801047 0.013221153846153846 0.031413612565445025
1 0.5324519230769231 0.6465968586387435 0.014423076923076924 0.034031413612565446
1 0.5228365384615384 0.6230366492146597 0.016826923076923076 0.041884816753926704
1 0.5288461538461539 0.581151832460733 0.013221153846153846 0.03664921465968586
1 0.5324519230769231 0.5445026178010471 0.015625 0.031413612565445025
1 0.5216346153846154 0.5026178010471204 0.014423076923076924 0.031413612565445025
1 0.5132211538461539 0.47643979057591623 0.015625 0.03664921465968586
1 0.5036057692307693 0.45287958115183247 0.013221153846153846 0.034031413612565446
1 0.4963942307692308 0.4214659685863874 0.015625 0.031413612565445025
1 0.49278846153846156 0.3900523560209424 0.018028846153846152 0.034031413612565446
1 0.4891826923076923 0.35602094240837695 0.014423076923076924 0.034031413612565446
1 0.4879807692307692 0.32460732984293195 0.015625 0.03664921465968586
1 0.49759615384615385 0.2931937172774869 0.018028846153846152 0.03664921465968586
1 0.5144230769230769 0.3089005235602094 0.018028846153846152 0.041884816753926704
1 0.5048076923076923 0.337696335078534 0.014423076923076924 0.031413612565445025
1 0.5060096153846154 0.3717277486910995 0.013221153846153846 0.031413612565445025
1 0.5060096153846154 0.4031413612565445 0.013221153846153846 0.02617801047120419
1 0.5132211538461539 0.4293193717277487 0.013221153846153846 0.02617801047120419
1 0.5240384615384616 0.45549738219895286 0.01201923076923077 0.02617801047120419
1 0.5336538461538461 0.5130890052356021 0.013221153846153846 0.031413612565445025
1 0.5408653846153846 0.5706806282722513 0.014423076923076924 0.031413612565445025
1 0.5432692307692307 0.6073298429319371 0.021634615384615384 0.041884816753926704
1 0.5480769230769231 0.643979057591623 0.014423076923076924 0.031413612565445025
1 0.5204326923076923 0.34554973821989526 0.013221153846153846 0.031413612565445025
1 0.5204326923076923 0.3795811518324607 0.015625 0.034031413612565446
1 0.5264423076923077 0.4109947643979058 0.014423076923076924 0.03664921465968586
1 0.5384615384615384 0.4397905759162304 0.015625 0.03664921465968586
1 0.5336538461538461 0.4816753926701571 0.015625 0.031413612565445025
1 0.53125 0.2905759162303665 0.021634615384615384 0.04450261780104712
1 0.5336538461538461 0.3298429319371728 0.015625 0.031413612565445025
1 0.5360576923076923 0.36387434554973824 0.014423076923076924 0.034031413612565446
1 0.5420673076923077 0.4005235602094241 0.014423076923076924 0.034031413612565446
1 0.5528846153846154 0.42670157068062825 0.013221153846153846 0.02617801047120419
1 0.546875 0.468586387434555 0.014423076923076924 0.031413612565445025
1 0.5492788461538461 0.5078534031413613 0.015625 0.034031413612565446
1 0.5504807692307693 0.5418848167539267 0.015625 0.031413612565445025
1 0.5600961538461539 0.5785340314136126 0.019230769230769232 0.03664921465968586
1 0.5600961538461539 0.6204188481675392 0.01201923076923077 0.028795811518324606
1 0.5733173076923077 0.6413612565445026 0.021634615384615384 0.04450261780104712
1 0.5757211538461539 0.599476439790576 0.019230769230769232 0.04450261780104712
1 0.5901442307692307 0.6256544502617801 0.014423076923076924 0.028795811518324606
1 0.59375 0.5916230366492147 0.018028846153846152 0.03664921465968586
1 0.5817307692307693 0.5602094240837696 0.013221153846153846 0.02617801047120419
1 0.5697115384615384 0.5445026178010471 0.014423076923076924 0.028795811518324606
1 0.5637019230769231 0.5157068062827225 0.014423076923076924 0.031413612565445025
1 0.5600961538461539 0.4869109947643979 0.015625 0.031413612565445025
1 0.5612980769230769 0.45287958115183247 0.015625 0.034031413612565446
1 0.5649038461538461 0.4083769633507853 0.013221153846153846 0.028795811518324606
1 0.5516826923076923 0.3743455497382199 0.014423076923076924 0.034031413612565446
1 0.5492788461538461 0.3403141361256545 0.014423076923076924 0.03664921465968586
1 0.5492788461538461 0.29842931937172773 0.015625 0.034031413612565446
1 0.5625 0.3219895287958115 0.015625 0.031413612565445025
1 0.5721153846153846 0.3481675392670157 0.015625 0.034031413612565446
1 0.5745192307692307 0.387434554973822 0.016826923076923076 0.031413612565445025
1 0.5745192307692307 0.43455497382198954 0.018028846153846152 0.03926701570680628
1 0.5757211538461539 0.4712041884816754 0.013221153846153846 0.031413612565445025
1 0.578125 0.5026178010471204 0.015625 0.031413612565445025
1 0.5841346153846154 0.5314136125654451 0.013221153846153846 0.028795811518324606
1 0.5877403846153846 0.3612565445026178 0.019230769230769232 0.041884816753926704
1 0.5889423076923077 0.4083769633507853 0.020432692307692308 0.04450261780104712
1 0.5889423076923077 0.45287958115183247 0.015625 0.034031413612565446
1 0.5913461538461539 0.48429319371727747 0.015625 0.034031413612565446
1 0.5973557692307693 0.518324607329843 0.013221153846153846 0.031413612565445025
1 0.5973557692307693 0.5523560209424084 0.019230769230769232 0.03926701570680628
1 0.6105769230769231 0.581151832460733 0.014423076923076924 0.034031413612565446
1 0.6057692307692307 0.6204188481675392 0.013221153846153846 0.031413612565445025
1 0.5973557692307693 0.6518324607329843 0.019230769230769232 0.03664921465968586
1 0.6201923076923077 0.6465968586387435 0.021634615384615384 0.049738219895287955
1 0.6201923076923077 0.6073298429319371 0.013221153846153846 0.031413612565445025
1 0.6045673076923077 0.3900523560209424 0.015625 0.034031413612565446
1 0.6045673076923077 0.42408376963350786 0.013221153846153846 0.031413612565445025
1 0.6057692307692307 0.4607329842931937 0.015625 0.03664921465968586
1 0.6129807692307693 0.5 0.018028846153846152 0.03664921465968586
1 0.6129807692307693 0.5340314136125655 0.015625 0.028795811518324606
1 0.625 0.5575916230366492 0.013221153846153846 0.031413612565445025
1 0.6418269230769231 0.6544502617801047 0.016826923076923076 0.03664921465968586
1 0.6346153846153846 0.6204188481675392 0.014423076923076924 0.031413612565445025
1 0.6322115384615384 0.5863874345549738 0.015625 0.031413612565445025
1 0.640625 0.5575916230366492 0.013221153846153846 0.028795811518324606
1 0.6177884615384616 0.4005235602094241 0.018028846153846152 0.041884816753926704
1 0.6165865384615384 0.4397905759162304 0.013221153846153846 0.028795811518324606
1 0.6310096153846154 0.4712041884816754 0.016826923076923076 0.034031413612565446
1 0.6346153846153846 0.4319371727748691 0.015625 0.028795811518324606
1 0.6310096153846154 0.5052356020942408 0.014423076923076924 0.028795811518324606
1 0.6334134615384616 0.5340314136125655 0.014423076923076924 0.028795811518324606
1 0.6490384615384616 0.6178010471204188 0.013221153846153846 0.028795811518324606
1 0.6634615384615384 0.6204188481675392 0.01201923076923077 0.02617801047120419
1 0.65625 0.5837696335078534 0.020432692307692308 0.04712041884816754
1 0.6574519230769231 0.6492146596858639 0.015625 0.03664921465968586
1 0.6754807692307693 0.6465968586387435 0.018028846153846152 0.03926701570680628
1 0.6526442307692307 0.5392670157068062 0.015625 0.03664921465968586
1 0.6682692307692307 0.5549738219895288 0.014423076923076924 0.031413612565445025
1 0.6730769230769231 0.5863874345549738 0.013221153846153846 0.028795811518324606
1 0.6838942307692307 0.6099476439790575 0.015625 0.034031413612565446
1 0.6995192307692307 0.6465968586387435 0.015625 0.028795811518324606
1 0.6995192307692307 0.6204188481675392 0.014423076923076924 0.028795811518324606
1 0.6959134615384616 0.5863874345549738 0.01201923076923077 0.02617801047120419
1 0.6850961538461539 0.5654450261780105 0.015625 0.03664921465968586
1 0.6814903846153846 0.5340314136125655 0.016826923076923076 0.03664921465968586
1 0.6634615384615384 0.5104712041884817 0.018028846153846152 0.041884816753926704
1 0.6454326923076923 0.5104712041884817 0.015625 0.031413612565445025
1 0.6514423076923077 0.4816753926701571 0.015625 0.031413612565445025
1 0.6466346153846154 0.4476439790575916 0.015625 0.03664921465968586
1 0.6670673076923077 0.4712041884816754 0.015625 0.028795811518324606
1 0.6850961538461539 0.49214659685863876 0.021634615384615384 0.03926701570680628
1 0.6947115384615384 0.5157068062827225 0.014423076923076924 0.031413612565445025
1 0.6983173076923077 0.5471204188481675 0.013221153846153846 0.031413612565445025
1 0.7127403846153846 0.5549738219895288 0.015625 0.03664921465968586
1 0.7247596153846154 0.5732984293193717 0.014423076923076924 0.028795811518324606
1 0.7115384615384616 0.5863874345549738 0.015625 0.031413612565445025
1 0.7259615384615384 0.6099476439790575 0.018028846153846152 0.03926701570680628
1 0.7175480769230769 0.6465968586387435 0.016826923076923076 0.03926701570680628
1 0.7331730769230769 0.6492146596858639 0.013221153846153846 0.028795811518324606
1 0.7439903846153846 0.6230366492146597 0.015625 0.034031413612565446
1 0.7403846153846154 0.5890052356020943 0.014423076923076924 0.031413612565445025
1 0.7560096153846154 0.599476439790576 0.015625 0.034031413612565446
1 0.7704326923076923 0.6047120418848168 0.013221153846153846 0.028795811518324606
1 0.7620192307692307 0.6335078534031413 0.014423076923076924 0.031413612565445025
1 0.75 0.6570680628272252 0.013221153846153846 0.028795811518324606
1 0.7680288461538461 0.6596858638743456 0.013221153846153846 0.02617801047120419
1 0.7764423076923077 0.6335078534031413 0.013221153846153846 0.028795811518324606
1 0.7860576923076923 0.612565445026178 0.014423076923076924 0.028795811518324606
1 0.7908653846153846 0.6596858638743456 0.015625 0.028795811518324606
1 0.7980769230769231 0.6361256544502618 0.01201923076923077 0.02617801047120419
1 0.8100961538461539 0.6570680628272252 0.018028846153846152 0.034031413612565446
1 0.8125 0.6151832460732984 0.018028846153846152 0.03664921465968586
1 0.8269230769230769 0.6361256544502618 0.014423076923076924 0.031413612565445025
1 0.8389423076923077 0.6596858638743456 0.015625 0.03664921465968586
1 0.4855769230769231 0.46596858638743455 0.7331730769230769 0.4738219895287958