1 0.39783653846153844 0.41185897435897434 0.05048076923076923 0.052884615384615384
1 0.3473557692307692 0.4342948717948718 0.04807692307692308 0.06891025641025642
1 0.4519230769230769 0.4375 0.03365384615384615 0.04487179487179487
1 0.41346153846153844 0.46153846153846156 0.03485576923076923 0.052884615384615384
1 0.2704326923076923 0.46955128205128205 0.05048076923076923 0.057692307692307696
1 0.4855769230769231 0.47435897435897434 0.03485576923076923 0.046474358974358976
1 0.3737980769230769 0.4823717948717949 0.04326923076923077 0.057692307692307696
1 0.6850961538461539 0.4855769230769231 0.03365384615384615 0.04807692307692308
1 0.31971153846153844 0.4855769230769231 0.04807692307692308 0.05929487179487179
1 0.5288461538461539 0.48878205128205127 0.054086538461538464 0.06891025641025642
1 0.4495192307692308 0.5032051282051282 0.040865384615384616 0.057692307692307696
1 0.6358173076923077 0.5032051282051282 0.040865384615384616 0.05929487179487179
1 0.59375 0.5176282051282052 0.04807692307692308 0.05929487179487179
1 0.234375 0.5240384615384616 0.051682692307692304 0.07051282051282051
1 0.28725961538461536 0.5256410256410257 0.04447115384615385 0.057692307692307696
1 0.4855769230769231 0.5336538461538461 0.04927884615384615 0.0641025641025641
1 0.34375 0.5352564102564102 0.042067307692307696 0.052884615384615384
1 0.4026442307692308 0.5368589743589743 0.056490384615384616 0.07692307692307693
1 0.7079326923076923 0.5416666666666666 0.056490384615384616 0.07371794871794872
1 0.5456730769230769 0.5528846153846154 0.042067307692307696 0.0625
1 0.6598557692307693 0.5576923076923077 0.039663461538461536 0.06570512820512821
1 0.14543269230769232 0.5592948717948718 0.06490384615384616 0.07852564102564102
1 0.6153846153846154 0.5657051282051282 0.037259615384615384 0.057692307692307696
2 0.48197115384615385 0.5721153846153846 0.9483173076923077 0.3958333333333333
1 0.7548076923076923 0.5753205128205128 0.039663461538461536 0.052884615384615384
1 0.19951923076923078 0.5769230769230769 0.042067307692307696 0.0641025641025641
1 0.5120192307692307 0.5801282051282052 0.038461538461538464 0.05448717948717949
1 0.36177884615384615 0.5833333333333334 0.03485576923076923 0.04807692307692308
1 0.45072115384615385 0.5849358974358975 0.04927884615384615 0.07051282051282051
1 0.3125 0.5849358974358975 0.046875 0.0625
1 0.5745192307692307 0.5865384615384616 0.03365384615384615 0.049679487179487176
1 0.8257211538461539 0.594551282051282 0.03125 0.04487179487179487
1 0.25240384615384615 0.594551282051282 0.052884615384615384 0.06891025641025642
1 0.6923076923076923 0.6025641025641025 0.040865384615384616 0.05929487179487179
1 0.6418269230769231 0.6073717948717948 0.040865384615384616 0.052884615384615384
1 0.39903846153846156 0.6105769230769231 0.046875 0.0673076923076923
1 0.5456730769230769 0.6105769230769231 0.03485576923076923 0.05128205128205128
1 0.6045673076923077 0.6169871794871795 0.03245192307692308 0.04326923076923077
1 0.16826923076923078 0.6201923076923077 0.039663461538461536 0.04487179487179487
1 0.7704326923076923 0.6201923076923077 0.03245192307692308 0.052884615384615384
1 0.48677884615384615 0.6282051282051282 0.042067307692307696 0.05929487179487179
0 0.37740384615384615 0.6314102564102564 0.013221153846153846 0.27403846153846156
1 0.12379807692307693 0.6330128205128205 0.04807692307692308 0.05448717948717949
1 0.34375 0.6330128205128205 0.042067307692307696 0.05128205128205128
1 0.7391826923076923 0.6378205128205128 0.042067307692307696 0.07051282051282051
1 0.2848557692307692 0.6394230769230769 0.042067307692307696 0.05608974358974359
1 0.6730769230769231 0.6474358974358975 0.03365384615384615 0.052884615384615384
0 0.12740384615384615 0.6506410256410257 0.026442307692307692 0.23557692307692307
1 0.8257211538461539 0.655448717948718 0.040865384615384616 0.0625
1 0.21394230769230768 0.6586538461538461 0.0625 0.07211538461538461
1 0.4338942307692308 0.6602564102564102 0.05048076923076923 0.07532051282051282
1 0.5240384615384616 0.6602564102564102 0.04567307692307692 0.06891025641025642
1 0.3786057692307692 0.6666666666666666 0.04567307692307692 0.052884615384615384
1 0.6334134615384616 0.6682692307692307 0.046875 0.06570512820512821
1 0.5793269230769231 0.6682692307692307 0.046875 0.06570512820512821
1 0.16105769230769232 0.6714743589743589 0.04326923076923077 0.057692307692307696
1 0.08533653846153846 0.6746794871794872 0.054086538461538464 0.07211538461538461
1 0.7055288461538461 0.6794871794871795 0.04447115384615385 0.05929487179487179
1 0.7824519230769231 0.6794871794871795 0.046875 0.060897435897435896
1 0.8629807692307693 0.6810897435897436 0.039663461538461536 0.052884615384615384
1 0.47596153846153844 0.6842948717948718 0.038461538461538464 0.05929487179487179
1 0.3269230769230769 0.6875 0.042067307692307696 0.05608974358974359
1 0.2644230769230769 0.6971153846153846 0.04927884615384615 0.052884615384615384
1 0.9074519230769231 0.6971153846153846 0.03485576923076923 0.052884615384615384
1 0.7463942307692307 0.6971153846153846 0.027644230769230768 0.04326923076923077
1 0.3605769230769231 0.719551282051282 0.040865384615384616 0.052884615384615384
1 0.5480769230769231 0.7227564102564102 0.039663461538461536 0.052884615384615384
1 0.8209134615384616 0.7243589743589743 0.055288461538461536 0.0641025641025641
1 0.4050480769230769 0.7243589743589743 0.037259615384615384 0.04807692307692308
1 0.18990384615384615 0.7259615384615384 0.04447115384615385 0.05929487179487179
1 0.6802884615384616 0.7275641025641025 0.039663461538461536 0.052884615384615384
1 0.1201923076923077 0.7275641025641025 0.054086538461538464 0.0673076923076923
1 0.6382211538461539 0.7275641025641025 0.040865384615384616 0.052884615384615384
1 0.04326923076923077 0.7291666666666666 0.055288461538461536 0.0641025641025641
1 0.296875 0.7291666666666666 0.04326923076923077 0.05128205128205128
1 0.4987980769230769 0.7291666666666666 0.037259615384615384 0.05128205128205128
1 0.5901442307692307 0.7291666666666666 0.038461538461538464 0.052884615384615384
1 0.4495192307692308 0.7307692307692307 0.04447115384615385 0.046474358974358976
1 0.7199519230769231 0.7307692307692307 0.03485576923076923 0.049679487179487176
1 0.875 0.7339743589743589 0.036057692307692304 0.049679487179487176
1 0.765625 0.7339743589743589 0.042067307692307696 0.046474358974358976
1 0.9338942307692307 0.7355769230769231 0.03485576923076923 0.052884615384615384
1 0.2403846153846154 0.7371794871794872 0.04326923076923077 0.041666666666666664