1 0.40024038461538464 0.3 0.015625 0.037142857142857144
1 0.765625 0.3057142857142857 0.02283653846153846 0.054285714285714284
1 0.28966346153846156 0.30857142857142855 0.019230769230769232 0.045714285714285714
1 0.35096153846153844 0.31142857142857144 0.015625 0.03142857142857143
1 0.38461538461538464 0.3142857142857143 0.02283653846153846 0.04857142857142857
1 0.5480769230769231 0.32 0.020432692307692308 0.04285714285714286
1 0.45913461538461536 0.32 0.025240384615384616 0.06285714285714286
1 0.5673076923076923 0.32 0.02403846153846154 0.06
1 0.6875 0.32571428571428573 0.02283653846153846 0.04857142857142857
1 0.7151442307692307 0.32857142857142857 0.03365384615384615 0.08571428571428572
1 0.5012019230769231 0.32857142857142857 0.026442307692307692 0.06
1 0.6237980769230769 0.3314285714285714 0.010817307692307692 0.02857142857142857
1 0.7896634615384616 0.3314285714285714 0.020432692307692308 0.045714285714285714
1 0.32091346153846156 0.3342857142857143 0.030048076923076924 0.07714285714285714
1 0.4338942307692308 0.33714285714285713 0.016826923076923076 0.04
1 0.6514423076923077 0.34 0.02283653846153846 0.05714285714285714
1 0.26322115384615385 0.34 0.020432692307692308 0.045714285714285714
1 0.39783653846153844 0.3457142857142857 0.015625 0.037142857142857144
1 0.5336538461538461 0.35714285714285715 0.021634615384615384 0.05142857142857143
1 0.3425480769230769 0.35714285714285715 0.018028846153846152 0.045714285714285714
1 0.3641826923076923 0.35714285714285715 0.020432692307692308 0.045714285714285714
1 0.6033653846153846 0.36 0.03245192307692308 0.08
1 0.22115384615384615 0.36 0.054086538461538464 0.13428571428571429
1 0.4170673076923077 0.3657142857142857 0.020432692307692308 0.045714285714285714
1 0.28966346153846156 0.37714285714285717 0.03245192307692308 0.08
1 0.38221153846153844 0.38 0.020432692307692308 0.054285714285714284
1 0.6754807692307693 0.38571428571428573 0.028846153846153848 0.06
1 0.5192307692307693 0.38571428571428573 0.018028846153846152 0.045714285714285714
1 0.7512019230769231 0.38857142857142857 0.036057692307692304 0.08285714285714285
1 0.26322115384615385 0.38857142857142857 0.015625 0.04285714285714286
1 0.4326923076923077 0.38857142857142857 0.015625 0.037142857142857144
1 0.5697115384615384 0.3914285714285714 0.019230769230769232 0.045714285714285714
1 0.7163461538461539 0.39714285714285713 0.025240384615384616 0.04857142857142857
1 0.31971153846153844 0.4 0.016826923076923076 0.037142857142857144
1 0.546875 0.40285714285714286 0.018028846153846152 0.05142857142857143
1 0.40024038461538464 0.4057142857142857 0.019230769230769232 0.045714285714285714
1 0.5829326923076923 0.4085714285714286 0.014423076923076924 0.037142857142857144
1 0.35216346153846156 0.4114285714285714 0.025240384615384616 0.06285714285714286
1 0.7980769230769231 0.4142857142857143 0.04447115384615385 0.1
1 0.4723557692307692 0.4228571428571429 0.0625 0.13714285714285715
1 0.43149038461538464 0.4228571428571429 0.014423076923076924 0.03428571428571429
1 0.3762019230769231 0.4257142857142857 0.018028846153846152 0.04285714285714286
1 0.6370192307692307 0.4342857142857143 0.04447115384615385 0.10857142857142857
1 0.5961538461538461 0.44 0.014423076923076924 0.03428571428571429
1 0.6995192307692307 0.44285714285714284 0.020432692307692308 0.05142857142857143
1 0.5120192307692307 0.44571428571428573 0.025240384615384616 0.06
1 0.5661057692307693 0.44571428571428573 0.019230769230769232 0.045714285714285714
1 0.7235576923076923 0.4514285714285714 0.02283653846153846 0.04857142857142857
1 0.27163461538461536 0.4542857142857143 0.02403846153846154 0.05714285714285714
1 0.3389423076923077 0.4542857142857143 0.013221153846153846 0.03142857142857143
1 0.5408653846153846 0.46 0.028846153846153848 0.07428571428571429
1 0.3137019230769231 0.4657142857142857 0.036057692307692304 0.08571428571428572
1 0.6754807692307693 0.4657142857142857 0.027644230769230768 0.07142857142857142
1 0.4170673076923077 0.4657142857142857 0.03125 0.06571428571428571
1 0.19230769230769232 0.4657142857142857 0.051682692307692304 0.10571428571428572
1 0.24158653846153846 0.4685714285714286 0.03245192307692308 0.07714285714285714
1 0.3605769230769231 0.4685714285714286 0.013221153846153846 0.03142857142857143
1 0.4423076923076923 0.4742857142857143 0.014423076923076924 0.04285714285714286
1 0.7584134615384616 0.4742857142857143 0.02283653846153846 0.05714285714285714
1 0.5769230769230769 0.47714285714285715 0.018028846153846152 0.04285714285714286
1 0.78125 0.48 0.018028846153846152 0.04857142857142857
1 0.6129807692307693 0.48 0.01201923076923077 0.04
1 0.5997596153846154 0.4828571428571429 0.019230769230769232 0.04857142857142857
1 0.6947115384615384 0.4828571428571429 0.013221153846153846 0.02857142857142857
1 0.26322115384615385 0.49142857142857144 0.009615384615384616 0.025714285714285714
1 0.49399038461538464 0.49142857142857144 0.016826923076923076 0.04285714285714286
1 0.38461538461538464 0.49142857142857144 0.025240384615384616 0.05714285714285714
1 0.5180288461538461 0.4942857142857143 0.019230769230769232 0.03428571428571429
1 0.5576923076923077 0.4942857142857143 0.015625 0.037142857142857144
1 0.7379807692307693 0.5 0.019230769230769232 0.05142857142857143
2 0.4735576923076923 0.5057142857142857 0.8665865384615384 0.6628571428571428
1 0.6610576923076923 0.5114285714285715 0.019230769230769232 0.054285714285714284
1 0.47716346153846156 0.5142857142857142 0.015625 0.037142857142857144
1 0.3161057692307692 0.5171428571428571 0.008413461538461538 0.017142857142857144
1 0.2704326923076923 0.5171428571428571 0.015625 0.04285714285714286
1 0.7620192307692307 0.52 0.019230769230769232 0.037142857142857144
1 0.3401442307692308 0.52 0.03365384615384615 0.07428571428571429
1 0.6274038461538461 0.52 0.020432692307692308 0.03142857142857143
1 0.6826923076923077 0.5228571428571429 0.020432692307692308 0.045714285714285714
1 0.7115384615384616 0.5228571428571429 0.028846153846153848 0.07428571428571429
1 0.8125 0.5257142857142857 0.054086538461538464 0.12571428571428572
1 0.3713942307692308 0.5285714285714286 0.018028846153846152 0.04
1 0.4543269230769231 0.5285714285714286 0.014423076923076924 0.037142857142857144
1 0.5408653846153846 0.5314285714285715 0.027644230769230768 0.06285714285714286
1 0.22235576923076922 0.5314285714285715 0.020432692307692308 0.04285714285714286
1 0.6021634615384616 0.5314285714285715 0.018028846153846152 0.04857142857142857
1 0.39663461538461536 0.5342857142857143 0.008413461538461538 0.02
1 0.5084134615384616 0.5342857142857143 0.02403846153846154 0.06571428571428571
1 0.29086538461538464 0.54 0.018028846153846152 0.04285714285714286
1 0.7487980769230769 0.5457142857142857 0.014423076923076924 0.04285714285714286
1 0.5721153846153846 0.5457142857142857 0.03365384615384615 0.08
1 0.6394230769230769 0.5485714285714286 0.021634615384615384 0.05142857142857143
1 0.20552884615384615 0.5485714285714286 0.018028846153846152 0.04285714285714286
1 0.3605769230769231 0.5514285714285714 0.016826923076923076 0.03428571428571429
1 0.42788461538461536 0.5542857142857143 0.018028846153846152 0.04
1 0.6971153846153846 0.5571428571428572 0.010817307692307692 0.022857142857142857
1 0.27884615384615385 0.5571428571428572 0.009615384615384616 0.014285714285714285
1 0.17427884615384615 0.56 0.02283653846153846 0.04857142857142857
1 0.25240384615384615 0.56 0.016826923076923076 0.037142857142857144
1 0.6802884615384616 0.5628571428571428 0.016826923076923076 0.04285714285714286
1 0.3233173076923077 0.5628571428571428 0.016826923076923076 0.045714285714285714
1 0.3942307692307692 0.5685714285714286 0.016826923076923076 0.037142857142857144
1 0.44711538461538464 0.5685714285714286 0.015625 0.037142857142857144
1 0.7836538461538461 0.5685714285714286 0.020432692307692308 0.054285714285714284
1 0.3076923076923077 0.5714285714285714 0.01201923076923077 0.037142857142857144
1 0.4891826923076923 0.5714285714285714 0.016826923076923076 0.04285714285714286
1 0.34134615384615385 0.5714285714285714 0.013221153846153846 0.02857142857142857
1 0.36658653846153844 0.5714285714285714 0.008413461538461538 0.025714285714285714
1 0.5252403846153846 0.5742857142857143 0.02403846153846154 0.045714285714285714
1 0.4639423076923077 0.58 0.018028846153846152 0.04857142857142857
1 0.22596153846153846 0.58 0.015625 0.03142857142857143
1 0.546875 0.5828571428571429 0.013221153846153846 0.037142857142857144
1 0.7644230769230769 0.5828571428571429 0.018028846153846152 0.04857142857142857
1 0.6237980769230769 0.5857142857142857 0.027644230769230768 0.06571428571428571
1 0.6586538461538461 0.5857142857142857 0.021634615384615384 0.054285714285714284
1 0.6995192307692307 0.5885714285714285 0.007211538461538462 0.022857142857142857
1 0.38461538461538464 0.5885714285714285 0.014423076923076924 0.037142857142857144
1 0.7115384615384616 0.5885714285714285 0.015625 0.04857142857142857
1 0.35336538461538464 0.5942857142857143 0.015625 0.037142857142857144
1 0.28966346153846156 0.5971428571428572 0.02283653846153846 0.04857142857142857
0 0.46033653846153844 0.5971428571428572 0.006009615384615385 0.33714285714285713
1 0.14783653846153846 0.6 0.046875 0.09714285714285714
1 0.5625 0.6057142857142858 0.016826923076923076 0.03428571428571429
1 0.3737980769230769 0.6142857142857143 0.013221153846153846 0.03428571428571429
1 0.7475961538461539 0.6142857142857143 0.013221153846153846 0.03428571428571429
1 0.2620192307692308 0.6142857142857143 0.02403846153846154 0.045714285714285714
1 0.11057692307692307 0.6142857142857143 0.010817307692307692 0.025714285714285714
1 0.19110576923076922 0.6142857142857143 0.027644230769230768 0.06857142857142857
1 0.5060096153846154 0.6142857142857143 0.015625 0.03428571428571429
1 0.44471153846153844 0.6171428571428571 0.021634615384615384 0.05714285714285714
1 0.3088942307692308 0.6228571428571429 0.018028846153846152 0.04857142857142857
1 0.6814903846153846 0.6228571428571429 0.02403846153846154 0.05714285714285714
1 0.7271634615384616 0.6228571428571429 0.021634615384615384 0.06
1 0.4807692307692308 0.6257142857142857 0.016826923076923076 0.04285714285714286
1 0.40024038461538464 0.6314285714285715 0.026442307692307692 0.06285714285714286
1 0.7644230769230769 0.6342857142857142 0.018028846153846152 0.04285714285714286
1 0.171875 0.6342857142857142 0.018028846153846152 0.04
1 0.3293269230769231 0.6342857142857142 0.019230769230769232 0.04285714285714286
1 0.5372596153846154 0.6342857142857142 0.026442307692307692 0.06285714285714286
1 0.46033653846153844 0.6371428571428571 0.01201923076923077 0.02857142857142857
1 0.21634615384615385 0.64 0.025240384615384616 0.054285714285714284
1 0.7067307692307693 0.6428571428571429 0.013221153846153846 0.02857142857142857
1 0.6550480769230769 0.6457142857142857 0.018028846153846152 0.054285714285714284
1 0.5132211538461539 0.6485714285714286 0.016826923076923076 0.04
1 0.84375 0.6485714285714286 0.038461538461538464 0.08571428571428572
1 0.6370192307692307 0.6514285714285715 0.01201923076923077 0.03428571428571429
1 0.2512019230769231 0.6542857142857142 0.016826923076923076 0.03428571428571429
1 0.8004807692307693 0.6542857142857142 0.040865384615384616 0.09142857142857143
1 0.6959134615384616 0.6542857142857142 0.010817307692307692 0.025714285714285714
1 0.29927884615384615 0.6542857142857142 0.018028846153846152 0.04285714285714286
1 0.5769230769230769 0.6571428571428571 0.020432692307692308 0.05714285714285714
1 0.42427884615384615 0.66 0.019230769230769232 0.04285714285714286
1 0.7223557692307693 0.6628571428571428 0.009615384615384616 0.022857142857142857
1 0.10576923076923077 0.6628571428571428 0.040865384615384616 0.08
1 0.4891826923076923 0.6657142857142857 0.021634615384615384 0.04857142857142857
1 0.34375 0.6685714285714286 0.018028846153846152 0.045714285714285714
1 0.37740384615384615 0.6685714285714286 0.027644230769230768 0.06571428571428571
1 0.47115384615384615 0.6714285714285714 0.013221153846153846 0.037142857142857144
1 0.20673076923076922 0.6742857142857143 0.016826923076923076 0.037142857142857144
1 0.32211538461538464 0.68 0.021634615384615384 0.05714285714285714
1 0.4483173076923077 0.6828571428571428 0.02403846153846154 0.06571428571428571
1 0.7728365384615384 0.6828571428571428 0.019230769230769232 0.054285714285714284
1 0.18870192307692307 0.6828571428571428 0.016826923076923076 0.03428571428571429
1 0.6862980769230769 0.6828571428571428 0.019230769230769232 0.04285714285714286
1 0.7067307692307693 0.6828571428571428 0.016826923076923076 0.04
1 0.609375 0.6885714285714286 0.05048076923076923 0.11714285714285715
1 0.39663461538461536 0.6885714285714286 0.015625 0.04
1 0.5096153846153846 0.6914285714285714 0.018028846153846152 0.04857142857142857
1 0.8641826923076923 0.6914285714285714 0.016826923076923076 0.037142857142857144
1 0.14302884615384615 0.6942857142857143 0.03485576923076923 0.07714285714285714
1 0.23076923076923078 0.6971428571428572 0.03365384615384615 0.07714285714285714
1 0.2860576923076923 0.7 0.019230769230769232 0.045714285714285714
1 0.8353365384615384 0.7085714285714285 0.020432692307692308 0.037142857142857144
1 0.6586538461538461 0.7085714285714285 0.013221153846153846 0.037142857142857144
1 0.6418269230769231 0.7114285714285714 0.016826923076923076 0.037142857142857144
1 0.5456730769230769 0.7142857142857143 0.036057692307692304 0.08285714285714285
1 0.35336538461538464 0.7142857142857143 0.025240384615384616 0.06
1 0.6790865384615384 0.7171428571428572 0.015625 0.04
1 0.8076923076923077 0.7171428571428572 0.025240384615384616 0.054285714285714284
1 0.2956730769230769 0.7228571428571429 0.01201923076923077 0.03428571428571429
1 0.4651442307692308 0.7228571428571429 0.025240384615384616 0.054285714285714284
1 0.20552884615384615 0.7257142857142858 0.018028846153846152 0.04
1 0.2620192307692308 0.7285714285714285 0.02403846153846154 0.06857142857142857
1 0.49759615384615385 0.7285714285714285 0.014423076923076924 0.02857142857142857
1 0.7019230769230769 0.7285714285714285 0.019230769230769232 0.045714285714285714
1 0.328125 0.7314285714285714 0.019230769230769232 0.04285714285714286
1 0.4254807692307692 0.7314285714285714 0.028846153846153848 0.06857142857142857
1 0.3762019230769231 0.7314285714285714 0.010817307692307692 0.022857142857142857
1 0.12259615384615384 0.7314285714285714 0.019230769230769232 0.045714285714285714
1 0.1814903846153846 0.7314285714285714 0.027644230769230768 0.06
1 0.5769230769230769 0.7342857142857143 0.020432692307692308 0.05142857142857143
1 0.7415865384615384 0.7342857142857143 0.040865384615384616 0.09428571428571429
1 0.08774038461538461 0.74 0.026442307692307692 0.04857142857142857
1 0.06129807692307692 0.7485714285714286 0.03125 0.04857142857142857
1 0.5132211538461539 0.7514285714285714 0.025240384615384616 0.04
1 0.39302884615384615 0.7514285714285714 0.030048076923076924 0.06857142857142857
1 0.14783653846153846 0.7514285714285714 0.014423076923076924 0.02857142857142857
1 0.48197115384615385 0.7542857142857143 0.016826923076923076 0.037142857142857144
1 0.1045673076923077 0.7571428571428571 0.018028846153846152 0.02857142857142857
1 0.31850961538461536 0.7571428571428571 0.018028846153846152 0.037142857142857144
1 0.5997596153846154 0.7628571428571429 0.018028846153846152 0.037142857142857144
1 0.8329326923076923 0.7628571428571429 0.021634615384615384 0.04285714285714286
1 0.33653846153846156 0.7657142857142857 0.014423076923076924 0.03428571428571429
1 0.2848557692307692 0.7657142857142857 0.019230769230769232 0.03142857142857143
1 0.5637019230769231 0.7742857142857142 0.014423076923076924 0.025714285714285714
1 0.6802884615384616 0.7742857142857142 0.020432692307692308 0.04
1 0.3641826923076923 0.7742857142857142 0.013221153846153846 0.025714285714285714
1 0.23197115384615385 0.7742857142857142 0.016826923076923076 0.03142857142857143
1 0.8088942307692307 0.7742857142857142 0.02403846153846154 0.045714285714285714
1 0.8798076923076923 0.7771428571428571 0.042067307692307696 0.09714285714285714
1 0.19471153846153846 0.7771428571428571 0.013221153846153846 0.03142857142857143
1 0.7151442307692307 0.7771428571428571 0.026442307692307692 0.04285714285714286
1 0.6622596153846154 0.78 0.013221153846153846 0.022857142857142857
1 0.8329326923076923 0.8057142857142857 0.015625 0.03142857142857143
1 0.41225961538461536 0.24571428571428572 0.021634615384615384 0.04285714285714286
1 0.2980769230769231 0.24857142857142858 0.025240384615384616 0.05714285714285714
1 0.44711538461538464 0.25142857142857145 0.03125 0.07142857142857142
1 0.6177884615384616 0.2571428571428571 0.015625 0.04
1 0.5793269230769231 0.26 0.026442307692307692 0.06857142857142857
1 0.5180288461538461 0.26571428571428574 0.027644230769230768 0.06
1 0.49038461538461536 0.26857142857142857 0.02283653846153846 0.05714285714285714
1 0.3762019230769231 0.26857142857142857 0.02283653846153846 0.04285714285714286
1 0.6959134615384616 0.2742857142857143 0.021634615384615384 0.04857142857142857
1 0.6033653846153846 0.2742857142857143 0.019230769230769232 0.054285714285714284
1 0.31971153846153844 0.28 0.015625 0.02857142857142857
1 0.2704326923076923 0.2857142857142857 0.026442307692307692 0.054285714285714284
1 0.42427884615384615 0.2885714285714286 0.019230769230769232 0.04285714285714286
1 0.6346153846153846 0.2885714285714286 0.020432692307692308 0.045714285714285714
1 0.6658653846153846 0.2885714285714286 0.019230769230769232 0.04857142857142857
1 0.3389423076923077 0.2914285714285714 0.015625 0.04