1 0.6995192307692307 0.46794871794871795 0.052884615384615384 0.07051282051282051
1 0.2932692307692308 0.5048076923076923 0.052884615384615384 0.07692307692307693
1 0.38341346153846156 0.5128205128205128 0.052884615384615384 0.07371794871794872
1 0.5528846153846154 0.5224358974358975 0.07091346153846154 0.10256410256410256
1 0.22115384615384615 0.5384615384615384 0.052884615384615384 0.0673076923076923
1 0.7319711538461539 0.5384615384615384 0.06850961538461539 0.09134615384615384
1 0.43509615384615385 0.5384615384615384 0.055288461538461536 0.07371794871794872
1 0.14903846153846154 0.5448717948717948 0.05889423076923077 0.07051282051282051
1 0.6586538461538461 0.5576923076923077 0.08173076923076923 0.10256410256410256
1 0.3329326923076923 0.5689102564102564 0.06009615384615385 0.09134615384615384
1 0.4879807692307692 0.5737179487179487 0.0625 0.09294871794871795
1 0.27163461538461536 0.5769230769230769 0.055288461538461536 0.07371794871794872
1 0.39302884615384615 0.5881410256410257 0.04927884615384615 0.06570512820512821
1 0.5913461538461539 0.5961538461538461 0.06129807692307692 0.08333333333333333
2 0.4987980769230769 0.5977564102564102 0.8401442307692307 0.34935897435897434
1 0.7788461538461539 0.6057692307692307 0.06009615384615385 0.08333333333333333
0 0.578125 0.6105769230769231 0.006009615384615385 0.24519230769230768
1 0.1346153846153846 0.6137820512820513 0.052884615384615384 0.060897435897435896
1 0.7163461538461539 0.6201923076923077 0.06370192307692307 0.08333333333333333
1 0.19230769230769232 0.6217948717948718 0.052884615384615384 0.08012820512820513
1 0.4423076923076923 0.6378205128205128 0.0673076923076923 0.09294871794871795
1 0.5324519230769231 0.6410256410256411 0.06370192307692307 0.08493589743589744
1 0.25721153846153844 0.6538461538461539 0.06009615384615385 0.07211538461538461
1 0.31850961538461536 0.6618589743589743 0.051682692307692304 0.07371794871794872
1 0.3737980769230769 0.6650641025641025 0.052884615384615384 0.07371794871794872
1 0.8269230769230769 0.6682692307692307 0.06971153846153846 0.09134615384615384
1 0.6598557692307693 0.6698717948717948 0.07091346153846154 0.08012820512820513
1 0.5961538461538461 0.6778846153846154 0.04326923076923077 0.06570512820512821
1 0.7620192307692307 0.6794871794871795 0.052884615384615384 0.0625
1 0.12139423076923077 0.6971153846153846 0.07451923076923077 0.09134615384615384
1 0.4891826923076923 0.7067307692307693 0.07211538461538461 0.08493589743589744
1 0.40865384615384615 0.7099358974358975 0.054086538461538464 0.07051282051282051
1 0.2091346153846154 0.7099358974358975 0.07692307692307693 0.08173076923076923
1 0.5576923076923077 0.7163461538461539 0.057692307692307696 0.06891025641025642
1 0.34615384615384615 0.719551282051282 0.04567307692307692 0.046474358974358976
1 0.2860576923076923 0.7227564102564102 0.0625 0.0641025641025641
1 0.8762019230769231 0.7227564102564102 0.06850961538461539 0.08814102564102565
1 0.7211538461538461 0.7227564102564102 0.05889423076923077 0.0625
1 0.6129807692307693 0.7275641025641025 0.04567307692307692 0.046474358974358976
1 0.7824519230769231 0.7307692307692307 0.052884615384615384 0.0625
1 0.6610576923076923 0.7339743589743589 0.04567307692307692 0.04326923076923077