1 0.35096153846153844 0.2745664739884393 0.018028846153846152 0.05202312138728324
1 0.46033653846153844 0.28034682080924855 0.025240384615384616 0.05202312138728324
1 0.49278846153846156 0.2832369942196532 0.020432692307692308 0.05491329479768786
1 0.234375 0.2832369942196532 0.027644230769230768 0.06647398843930635
1 0.37740384615384615 0.2861271676300578 0.02403846153846154 0.05491329479768786
1 0.40865384615384615 0.2861271676300578 0.025240384615384616 0.06647398843930635
1 0.27283653846153844 0.28901734104046245 0.02403846153846154 0.06069364161849711
1 0.5300480769230769 0.2976878612716763 0.026442307692307692 0.07514450867052024
1 0.6310096153846154 0.30057803468208094 0.021634615384615384 0.057803468208092484
1 0.5697115384615384 0.30346820809248554 0.028846153846153848 0.06647398843930635
1 0.1875 0.3092485549132948 0.026442307692307692 0.06647398843930635
1 0.3269230769230769 0.31213872832369943 0.028846153846153848 0.06358381502890173
1 0.2980769230769231 0.315028901734104 0.02403846153846154 0.057803468208092484
1 0.5997596153846154 0.315028901734104 0.019230769230769232 0.05491329479768786
1 0.4387019230769231 0.3179190751445087 0.019230769230769232 0.046242774566473986
1 0.7391826923076923 0.3208092485549133 0.021634615384615384 0.049132947976878616
1 0.7115384615384616 0.3208092485549133 0.021634615384615384 0.049132947976878616
1 0.36177884615384615 0.3208092485549133 0.020432692307692308 0.046242774566473986
1 0.6574519230769231 0.32947976878612717 0.026442307692307692 0.07225433526011561
1 0.21394230769230768 0.32947976878612717 0.025240384615384616 0.057803468208092484
1 0.7728365384615384 0.33236994219653176 0.020432692307692308 0.05202312138728324
1 0.6862980769230769 0.33815028901734107 0.020432692307692308 0.057803468208092484
1 0.4182692307692308 0.34104046242774566 0.019230769230769232 0.046242774566473986
1 0.4879807692307692 0.3439306358381503 0.020432692307692308 0.049132947976878616
1 0.25 0.3468208092485549 0.030048076923076924 0.06647398843930635
1 0.16706730769230768 0.3468208092485549 0.021634615384615384 0.046242774566473986
1 0.3870192307692308 0.34971098265895956 0.027644230769230768 0.06936416184971098
1 0.5120192307692307 0.3554913294797688 0.021634615384615384 0.057803468208092484
1 0.5444711538461539 0.3583815028901734 0.027644230769230768 0.06936416184971098
1 0.5865384615384616 0.3583815028901734 0.02403846153846154 0.05491329479768786
1 0.46153846153846156 0.36127167630057805 0.021634615384615384 0.06069364161849711
1 0.6298076923076923 0.36416184971098264 0.021634615384615384 0.05491329479768786
1 0.7271634615384616 0.3699421965317919 0.025240384615384616 0.049132947976878616
1 0.28846153846153844 0.37572254335260113 0.028846153846153848 0.06358381502890173
1 0.3173076923076923 0.3786127167630058 0.027644230769230768 0.06069364161849711
1 0.3401442307692308 0.3786127167630058 0.02403846153846154 0.06647398843930635
1 0.7884615384615384 0.3786127167630058 0.02283653846153846 0.05491329479768786
1 0.20192307692307693 0.3872832369942196 0.025240384615384616 0.06069364161849711
1 0.6730769230769231 0.3872832369942196 0.02403846153846154 0.046242774566473986
1 0.14302884615384615 0.3901734104046243 0.027644230769230768 0.06936416184971098
1 0.4362980769230769 0.3901734104046243 0.028846153846153848 0.06647398843930635
1 0.6105769230769231 0.3901734104046243 0.019230769230769232 0.05491329479768786
1 0.6514423076923077 0.3901734104046243 0.019230769230769232 0.046242774566473986
1 0.22956730769230768 0.3930635838150289 0.021634615384615384 0.05202312138728324
1 0.7512019230769231 0.3959537572254335 0.026442307692307692 0.06358381502890173
1 0.6983173076923077 0.3959537572254335 0.026442307692307692 0.057803468208092484
1 0.36778846153846156 0.3988439306358382 0.02403846153846154 0.057803468208092484
1 0.40625 0.40173410404624277 0.021634615384615384 0.05491329479768786
1 0.5649038461538461 0.40173410404624277 0.02403846153846154 0.05202312138728324
1 0.4963942307692308 0.4046242774566474 0.025240384615384616 0.057803468208092484
1 0.5264423076923077 0.407514450867052 0.020432692307692308 0.05491329479768786
1 0.17427884615384615 0.41040462427745666 0.03245192307692308 0.07803468208092486
1 0.25240384615384615 0.4161849710982659 0.02283653846153846 0.05202312138728324
1 0.47115384615384615 0.4190751445086705 0.02283653846153846 0.05491329479768786
1 0.7211538461538461 0.42485549132947975 0.02283653846153846 0.057803468208092484
1 0.2776442307692308 0.42485549132947975 0.02283653846153846 0.046242774566473986
1 0.30288461538461536 0.42485549132947975 0.02403846153846154 0.05202312138728324
1 0.33052884615384615 0.42485549132947975 0.020432692307692308 0.057803468208092484
1 0.6322115384615384 0.4277456647398844 0.02283653846153846 0.06358381502890173
1 0.8004807692307693 0.43352601156069365 0.020432692307692308 0.049132947976878616
1 0.7728365384615384 0.43352601156069365 0.015625 0.049132947976878616
1 0.6838942307692307 0.4393063583815029 0.025240384615384616 0.05491329479768786
1 0.5961538461538461 0.4393063583815029 0.025240384615384616 0.057803468208092484
1 0.21394230769230768 0.4421965317919075 0.02403846153846154 0.049132947976878616
1 0.546875 0.4421965317919075 0.02283653846153846 0.046242774566473986
1 0.6550480769230769 0.44508670520231214 0.020432692307692308 0.04335260115606936
1 0.7415865384615384 0.44508670520231214 0.014423076923076924 0.04046242774566474
1 0.4206730769230769 0.44508670520231214 0.025240384615384616 0.05202312138728324
1 0.35096153846153844 0.4479768786127168 0.020432692307692308 0.046242774566473986
1 0.39663461538461536 0.4479768786127168 0.020432692307692308 0.049132947976878616
1 0.24158653846153846 0.45375722543352603 0.020432692307692308 0.049132947976878616
1 0.44711538461538464 0.45375722543352603 0.02403846153846154 0.05491329479768786
1 0.5120192307692307 0.45375722543352603 0.021634615384615384 0.046242774566473986
1 0.3737980769230769 0.45664739884393063 0.020432692307692308 0.05202312138728324
1 0.13701923076923078 0.4595375722543353 0.026442307692307692 0.06647398843930635
1 0.7067307692307693 0.4595375722543353 0.019230769230769232 0.049132947976878616
1 0.3173076923076923 0.4653179190751445 0.016826923076923076 0.046242774566473986
1 0.484375 0.4653179190751445 0.02283653846153846 0.06358381502890173
1 0.5685096153846154 0.4653179190751445 0.02283653846153846 0.05202312138728324
1 0.7584134615384616 0.47109826589595377 0.021634615384615384 0.05202312138728324
1 0.2608173076923077 0.47398843930635837 0.021634615384615384 0.057803468208092484
1 0.1935096153846154 0.476878612716763 0.02403846153846154 0.06647398843930635
1 0.28725961538461536 0.476878612716763 0.020432692307692308 0.04335260115606936
1 0.1658653846153846 0.4797687861271676 0.02283653846153846 0.057803468208092484
1 0.7860576923076923 0.4797687861271676 0.021634615384615384 0.05491329479768786
1 0.33413461538461536 0.48265895953757226 0.020432692307692308 0.05491329479768786
1 0.5300480769230769 0.48265895953757226 0.02283653846153846 0.05491329479768786
1 0.6117788461538461 0.48265895953757226 0.020432692307692308 0.049132947976878616
1 0.6394230769230769 0.48554913294797686 0.020432692307692308 0.046242774566473986
1 0.6911057692307693 0.4884393063583815 0.021634615384615384 0.05202312138728324
1 0.8161057692307693 0.4913294797687861 0.019230769230769232 0.04046242774566474
1 0.4651442307692308 0.4913294797687861 0.019230769230769232 0.05491329479768786
1 0.6610576923076923 0.4913294797687861 0.019230769230769232 0.046242774566473986
1 0.7295673076923077 0.4913294797687861 0.027644230769230768 0.07225433526011561
2 0.4651442307692308 0.4913294797687861 0.9278846153846154 0.5664739884393064
1 0.4050480769230769 0.49710982658959535 0.021634615384615384 0.04335260115606936
1 0.30408653846153844 0.49710982658959535 0.014423076923076924 0.05202312138728324
1 0.21634615384615385 0.5 0.020432692307692308 0.05202312138728324
1 0.4266826923076923 0.5 0.02283653846153846 0.05491329479768786
1 0.3557692307692308 0.5057803468208093 0.02403846153846154 0.06069364161849711
1 0.5901442307692307 0.5057803468208093 0.021634615384615384 0.057803468208092484
1 0.24158653846153846 0.5057803468208093 0.021634615384615384 0.04335260115606936
1 0.11658653846153846 0.5086705202312138 0.02403846153846154 0.06069364161849711
1 0.38221153846153844 0.5115606936416185 0.02403846153846154 0.06069364161849711
1 0.49759615384615385 0.5115606936416185 0.019230769230769232 0.046242774566473986
1 0.5492788461538461 0.5173410404624278 0.020432692307692308 0.06069364161849711
1 0.27884615384615385 0.5173410404624278 0.021634615384615384 0.046242774566473986
1 0.6262019230769231 0.5202312138728323 0.020432692307692308 0.046242774566473986
1 0.1466346153846154 0.5202312138728323 0.025240384615384616 0.06358381502890173
1 0.75 0.523121387283237 0.018028846153846152 0.05202312138728324
1 0.7716346153846154 0.523121387283237 0.02403846153846154 0.049132947976878616
1 0.6778846153846154 0.5260115606936416 0.020432692307692308 0.046242774566473986
1 0.984375 0.5260115606936416 0.030048076923076924 0.06936416184971098
1 0.44350961538461536 0.5260115606936416 0.021634615384615384 0.05491329479768786
1 0.8040865384615384 0.5289017341040463 0.02283653846153846 0.057803468208092484
1 0.3173076923076923 0.5289017341040463 0.016826923076923076 0.04335260115606936
1 0.6466346153846154 0.5289017341040463 0.018028846153846152 0.046242774566473986
1 0.1778846153846154 0.5375722543352601 0.019230769230769232 0.05202312138728324
1 0.8293269230769231 0.5375722543352601 0.02403846153846154 0.06069364161849711
1 0.5204326923076923 0.5375722543352601 0.020432692307692308 0.049132947976878616
1 0.47836538461538464 0.5404624277456648 0.02283653846153846 0.05202312138728324
1 0.20072115384615385 0.5404624277456648 0.021634615384615384 0.05202312138728324
1 0.7079326923076923 0.5404624277456648 0.02283653846153846 0.05202312138728324
1 0.4098557692307692 0.5433526011560693 0.025240384615384616 0.05202312138728324
1 0.22716346153846154 0.546242774566474 0.025240384615384616 0.057803468208092484
1 0.3389423076923077 0.546242774566474 0.019230769230769232 0.04046242774566474
1 0.2620192307692308 0.546242774566474 0.020432692307692308 0.049132947976878616
1 0.2956730769230769 0.546242774566474 0.019230769230769232 0.03757225433526012
1 0.5709134615384616 0.5520231213872833 0.02403846153846154 0.05202312138728324
1 0.7355769230769231 0.5549132947976878 0.019230769230769232 0.05202312138728324
1 0.3641826923076923 0.5578034682080925 0.021634615384615384 0.06647398843930635
1 0.09375 0.5606936416184971 0.026442307692307692 0.05491329479768786
1 0.5 0.5606936416184971 0.019230769230769232 0.046242774566473986
1 0.6009615384615384 0.5606936416184971 0.026442307692307692 0.049132947976878616
1 0.7596153846153846 0.569364161849711 0.015625 0.03468208092485549
1 0.5384615384615384 0.569364161849711 0.02403846153846154 0.05202312138728324
1 0.7908653846153846 0.569364161849711 0.019230769230769232 0.046242774566473986
1 0.859375 0.569364161849711 0.014423076923076924 0.046242774566473986
1 0.6875 0.569364161849711 0.027644230769230768 0.05491329479768786
1 0.3894230769230769 0.5722543352601156 0.020432692307692308 0.05491329479768786
1 0.12980769230769232 0.5722543352601156 0.02283653846153846 0.049132947976878616
1 0.46033653846153844 0.5751445086705202 0.021634615384615384 0.049132947976878616
1 0.2776442307692308 0.5751445086705202 0.019230769230769232 0.049132947976878616
1 0.4362980769230769 0.5780346820809249 0.018028846153846152 0.046242774566473986
1 0.625 0.5780346820809249 0.025240384615384616 0.06069364161849711
1 0.15384615384615385 0.5780346820809249 0.020432692307692308 0.057803468208092484
1 0.6526442307692307 0.5809248554913294 0.02403846153846154 0.057803468208092484
1 0.2439903846153846 0.5809248554913294 0.02283653846153846 0.06069364161849711
1 0.8149038461538461 0.5838150289017341 0.026442307692307692 0.057803468208092484
1 0.84375 0.5838150289017341 0.015625 0.049132947976878616
1 0.32211538461538464 0.5838150289017341 0.025240384615384616 0.06069364161849711
1 0.34615384615384615 0.5867052023121387 0.021634615384615384 0.046242774566473986
1 0.1875 0.5924855491329479 0.025240384615384616 0.05202312138728324
1 0.5576923076923077 0.5924855491329479 0.019230769230769232 0.046242774566473986
1 0.71875 0.5924855491329479 0.019230769230769232 0.04335260115606936
1 0.5216346153846154 0.5924855491329479 0.015625 0.04046242774566474
1 0.48197115384615385 0.5953757225433526 0.020432692307692308 0.05202312138728324
1 0.0673076923076923 0.5953757225433526 0.03125 0.08092485549132948
1 0.29927884615384615 0.5953757225433526 0.016826923076923076 0.05202312138728324
1 0.9711538461538461 0.5982658959537572 0.028846153846153848 0.07514450867052024
1 0.41466346153846156 0.5982658959537572 0.02403846153846154 0.06069364161849711
1 0.8786057692307693 0.6011560693641619 0.019230769230769232 0.057803468208092484
1 0.21634615384615385 0.6040462427745664 0.025240384615384616 0.05491329479768786
1 0.10817307692307693 0.6069364161849711 0.018028846153846152 0.06069364161849711
1 0.5817307692307693 0.6098265895953757 0.025240384615384616 0.057803468208092484
1 0.7752403846153846 0.6098265895953757 0.02403846153846154 0.049132947976878616
1 0.5024038461538461 0.6098265895953757 0.019230769230769232 0.049132947976878616
1 0.6045673076923077 0.6098265895953757 0.020432692307692308 0.049132947976878616
1 0.7463942307692307 0.6127167630057804 0.021634615384615384 0.049132947976878616
1 0.2608173076923077 0.6127167630057804 0.019230769230769232 0.05202312138728324
1 0.6394230769230769 0.615606936416185 0.018028846153846152 0.03757225433526012
1 0.8569711538461539 0.615606936416185 0.016826923076923076 0.046242774566473986
1 0.375 0.615606936416185 0.021634615384615384 0.049132947976878616
1 0.6754807692307693 0.6184971098265896 0.021634615384615384 0.049132947976878616
0 0.1310096153846154 0.6242774566473989 0.01201923076923077 0.2543352601156069
1 0.16826923076923078 0.6271676300578035 0.02283653846153846 0.05491329479768786
1 0.13822115384615385 0.6271676300578035 0.021634615384615384 0.06069364161849711
1 0.4675480769230769 0.6271676300578035 0.021634615384615384 0.049132947976878616
1 0.4411057692307692 0.630057803468208 0.019230769230769232 0.05202312138728324
1 0.5420673076923077 0.630057803468208 0.019230769230769232 0.05491329479768786
1 0.7007211538461539 0.630057803468208 0.027644230769230768 0.05491329479768786
1 0.7992788461538461 0.6358381502890174 0.021634615384615384 0.046242774566473986
1 0.3557692307692308 0.638728323699422 0.020432692307692308 0.04335260115606936
1 0.7271634615384616 0.638728323699422 0.021634615384615384 0.049132947976878616
1 0.3293269230769231 0.638728323699422 0.016826923076923076 0.04335260115606936
1 0.39663461538461536 0.638728323699422 0.019230769230769232 0.04335260115606936
1 0.04447115384615385 0.638728323699422 0.019230769230769232 0.046242774566473986
1 0.5192307692307693 0.638728323699422 0.020432692307692308 0.046242774566473986
1 0.65625 0.6445086705202312 0.021634615384615384 0.05491329479768786
1 0.23798076923076922 0.6473988439306358 0.021634615384615384 0.05491329479768786
1 0.30408653846153844 0.6473988439306358 0.021634615384615384 0.046242774566473986
1 0.2824519230769231 0.6473988439306358 0.018028846153846152 0.04335260115606936
1 0.19230769230769232 0.6473988439306358 0.021634615384615384 0.049132947976878616
1 0.4891826923076923 0.6502890173410405 0.02283653846153846 0.05491329479768786
1 0.8341346153846154 0.6502890173410405 0.03245192307692308 0.07514450867052024
1 0.6213942307692307 0.6502890173410405 0.02403846153846154 0.05202312138728324
1 0.42427884615384615 0.653179190751445 0.019230769230769232 0.04046242774566474
1 0.5612980769230769 0.653179190751445 0.019230769230769232 0.05202312138728324
1 0.7632211538461539 0.653179190751445 0.018028846153846152 0.05202312138728324
1 0.9879807692307693 0.6560693641618497 0.021634615384615384 0.0953757225433526
1 0.8810096153846154 0.6589595375722543 0.021634615384615384 0.057803468208092484
1 0.08774038461538461 0.661849710982659 0.028846153846153848 0.07225433526011561
1 0.5925480769230769 0.661849710982659 0.020432692307692308 0.049132947976878616
1 0.11778846153846154 0.6647398843930635 0.025240384615384616 0.06069364161849711
1 0.21514423076923078 0.6676300578034682 0.021634615384615384 0.06069364161849711
1 0.9579326923076923 0.6676300578034682 0.027644230769230768 0.06069364161849711
1 0.4519230769230769 0.6676300578034682 0.013221153846153846 0.04335260115606936
1 0.6766826923076923 0.6763005780346821 0.02403846153846154 0.06358381502890173
1 0.7824519230769231 0.6791907514450867 0.020432692307692308 0.05202312138728324
1 0.25600961538461536 0.6791907514450867 0.021634615384615384 0.05491329479768786
1 0.3786057692307692 0.6820809248554913 0.02283653846153846 0.05491329479768786
1 0.8617788461538461 0.6820809248554913 0.016826923076923076 0.03757225433526012
1 0.7439903846153846 0.6820809248554913 0.021634615384615384 0.05202312138728324
1 0.06129807692307692 0.6820809248554913 0.02403846153846154 0.06069364161849711
1 0.43509615384615385 0.684971098265896 0.019230769230769232 0.046242774566473986
1 0.4675480769230769 0.684971098265896 0.015625 0.04335260115606936
1 0.3233173076923077 0.6878612716763006 0.020432692307692308 0.05491329479768786
1 0.03245192307692308 0.6878612716763006 0.02403846153846154 0.05491329479768786
1 0.3473557692307692 0.6878612716763006 0.020432692307692308 0.046242774566473986
1 0.5384615384615384 0.6878612716763006 0.030048076923076924 0.06358381502890173
1 0.7067307692307693 0.6878612716763006 0.02403846153846154 0.057803468208092484
1 0.40625 0.6907514450867052 0.02403846153846154 0.05491329479768786
1 0.14903846153846154 0.6907514450867052 0.021634615384615384 0.06069364161849711
1 0.5060096153846154 0.6907514450867052 0.021634615384615384 0.06069364161849711
1 0.6418269230769231 0.6907514450867052 0.02403846153846154 0.057803468208092484
1 0.29447115384615385 0.6907514450867052 0.018028846153846152 0.04046242774566474
1 0.8088942307692307 0.6936416184971098 0.026442307692307692 0.05491329479768786
1 0.8990384615384616 0.6936416184971098 0.020432692307692308 0.05202312138728324
1 0.5757211538461539 0.6965317919075145 0.020432692307692308 0.05202312138728324
1 0.18509615384615385 0.6994219653179191 0.021634615384615384 0.049132947976878616
1 0.6105769230769231 0.7052023121387283 0.026442307692307692 0.05491329479768786
1 0.23317307692307693 0.708092485549133 0.015625 0.046242774566473986
1 0.84375 0.7167630057803468 0.025240384615384616 0.057803468208092484
1 0.2800480769230769 0.7196531791907514 0.019230769230769232 0.04046242774566474
1 0.3088942307692308 0.7225433526011561 0.020432692307692308 0.02601156069364162
1 0.36538461538461536 0.7225433526011561 0.020432692307692308 0.04046242774566474
1 0.08173076923076923 0.7225433526011561 0.025240384615384616 0.046242774566473986
1 0.11057692307692307 0.7225433526011561 0.018028846153846152 0.04046242774566474
1 0.3329326923076923 0.7225433526011561 0.020432692307692308 0.03757225433526012
1 0.453125 0.7225433526011561 0.02403846153846154 0.05202312138728324
1 0.9411057692307693 0.7254335260115607 0.030048076923076924 0.07225433526011561
1 0.20793269230769232 0.7254335260115607 0.02283653846153846 0.05202312138728324
1 0.16706730769230768 0.7283236994219653 0.025240384615384616 0.04335260115606936
1 0.13822115384615385 0.7283236994219653 0.019230769230769232 0.03757225433526012
1 0.38822115384615385 0.7283236994219653 0.020432692307692308 0.03757225433526012
1 0.48677884615384615 0.7283236994219653 0.027644230769230768 0.057803468208092484
1 0.41947115384615385 0.7312138728323699 0.021634615384615384 0.04335260115606936
1 0.04927884615384615 0.7312138728323699 0.021634615384615384 0.031791907514450865
1 0.014423076923076924 0.7312138728323699 0.025240384615384616 0.05491329479768786
1 0.25 0.7312138728323699 0.016826923076923076 0.03757225433526012
1 0.7259615384615384 0.7341040462427746 0.027644230769230768 0.05202312138728324
1 0.6502403846153846 0.7398843930635838 0.019230769230769232 0.05202312138728324
1 0.6971153846153846 0.7398843930635838 0.020432692307692308 0.046242774566473986
1 0.7584134615384616 0.7398843930635838 0.025240384615384616 0.05202312138728324
1 0.9158653846153846 0.7398843930635838 0.025240384615384616 0.06647398843930635
1 0.6754807692307693 0.7398843930635838 0.018028846153846152 0.05491329479768786
1 0.5673076923076923 0.7398843930635838 0.018028846153846152 0.046242774566473986
1 0.6274038461538461 0.7398843930635838 0.019230769230769232 0.057803468208092484
1 0.5913461538461539 0.7427745664739884 0.019230769230769232 0.05491329479768786
1 0.5216346153846154 0.7427745664739884 0.02283653846153846 0.046242774566473986
1 0.546875 0.7427745664739884 0.018028846153846152 0.04335260115606936
1 0.7908653846153846 0.7427745664739884 0.025240384615384616 0.057803468208092484
1 0.8221153846153846 0.7427745664739884 0.021634615384615384 0.05491329479768786
1 0.8605769230769231 0.7485549132947977 0.015625 0.03468208092485549
1 0.8870192307692307 0.7543352601156069 0.019230769230769232 0.04335260115606936
1 0.2548076923076923 0.2398843930635838 0.021634615384615384 0.05202312138728324
1 0.20432692307692307 0.26011560693641617 0.025240384615384616 0.06358381502890173
1 0.3112980769230769 0.2658959537572254 0.016826923076923076 0.046242774566473986