1 0.3016826923076923 0.2849462365591398 0.019230769230769232 0.03763440860215054
1 0.4411057692307692 0.28763440860215056 0.02403846153846154 0.053763440860215055
1 0.5180288461538461 0.2903225806451613 0.019230769230769232 0.043010752688172046
1 0.5516826923076923 0.2903225806451613 0.027644230769230768 0.06182795698924731
1 0.3449519230769231 0.2903225806451613 0.020432692307692308 0.043010752688172046
1 0.2704326923076923 0.29301075268817206 0.016826923076923076 0.053763440860215055
1 0.2403846153846154 0.29301075268817206 0.03125 0.06989247311827956
1 0.4206730769230769 0.29838709677419356 0.016826923076923076 0.0456989247311828
1 0.45913461538461536 0.30913978494623656 0.010817307692307692 0.02956989247311828
1 0.31490384615384615 0.3118279569892473 0.016826923076923076 0.03763440860215054
1 0.5985576923076923 0.3118279569892473 0.018028846153846152 0.043010752688172046
1 0.6478365384615384 0.31451612903225806 0.019230769230769232 0.056451612903225805
1 0.38461538461538464 0.31451612903225806 0.018028846153846152 0.043010752688172046
1 0.4807692307692308 0.3172043010752688 0.020432692307692308 0.03763440860215054
1 0.6262019230769231 0.3225806451612903 0.019230769230769232 0.043010752688172046
1 0.19831730769230768 0.32526881720430106 0.039663461538461536 0.09946236559139784
1 0.28846153846153844 0.3333333333333333 0.016826923076923076 0.043010752688172046
1 0.5288461538461539 0.3333333333333333 0.019230769230769232 0.043010752688172046
1 0.5072115384615384 0.3333333333333333 0.019230769230769232 0.0456989247311828
1 0.41225961538461536 0.33602150537634407 0.025240384615384616 0.056451612903225805
1 0.4375 0.3387096774193548 0.016826923076923076 0.04032258064516129
1 0.3545673076923077 0.3387096774193548 0.026442307692307692 0.053763440860215055
1 0.46274038461538464 0.34139784946236557 0.01201923076923077 0.026881720430107527
1 0.234375 0.3467741935483871 0.014423076923076924 0.03763440860215054
1 0.4495192307692308 0.34946236559139787 0.007211538461538462 0.016129032258064516
1 0.5769230769230769 0.34946236559139787 0.028846153846153848 0.05913978494623656
1 0.2644230769230769 0.3521505376344086 0.027644230769230768 0.06451612903225806
1 0.6021634615384616 0.3521505376344086 0.009615384615384616 0.024193548387096774
1 0.32572115384615385 0.3548387096774194 0.02283653846153846 0.053763440860215055
1 0.6550480769230769 0.3602150537634409 0.020432692307692308 0.043010752688172046
1 0.6153846153846154 0.3629032258064516 0.019230769230769232 0.043010752688172046
1 0.3016826923076923 0.3629032258064516 0.019230769230769232 0.04032258064516129
1 0.4879807692307692 0.3655913978494624 0.026442307692307692 0.053763440860215055
1 0.38461538461538464 0.3655913978494624 0.014423076923076924 0.04032258064516129
1 0.42427884615384615 0.3682795698924731 0.015625 0.043010752688172046
1 0.5336538461538461 0.3709677419354839 0.016826923076923076 0.03763440860215054
1 0.5096153846153846 0.3709677419354839 0.015625 0.03763440860215054
1 0.45913461538461536 0.3763440860215054 0.01201923076923077 0.02956989247311828
1 0.21875 0.3790322580645161 0.025240384615384616 0.051075268817204304
1 0.44350961538461536 0.3790322580645161 0.016826923076923076 0.03494623655913978
1 0.36899038461538464 0.3844086021505376 0.020432692307692308 0.04032258064516129
1 0.6875 0.3870967741935484 0.02403846153846154 0.04838709677419355
1 0.34615384615384615 0.3897849462365591 0.02283653846153846 0.051075268817204304
1 0.5492788461538461 0.3897849462365591 0.016826923076923076 0.043010752688172046
1 0.2824519230769231 0.3897849462365591 0.013221153846153846 0.03225806451612903
1 0.24639423076923078 0.3924731182795699 0.020432692307692308 0.043010752688172046
1 0.5228365384615384 0.3978494623655914 0.014423076923076924 0.03494623655913978
1 0.296875 0.4032258064516129 0.009615384615384616 0.02956989247311828
1 0.17427884615384615 0.40591397849462363 0.04807692307692308 0.11290322580645161
1 0.40625 0.4112903225806452 0.028846153846153848 0.06451612903225806
1 0.6514423076923077 0.4112903225806452 0.02283653846153846 0.051075268817204304
1 0.5612980769230769 0.41397849462365593 0.014423076923076924 0.03763440860215054
1 0.4723557692307692 0.4166666666666667 0.026442307692307692 0.06720430107526881
1 0.5841346153846154 0.4166666666666667 0.021634615384615384 0.04838709677419355
1 0.375 0.4220430107526882 0.018028846153846152 0.03494623655913978
1 0.5 0.42473118279569894 0.014423076923076924 0.03763440860215054
1 0.5348557692307693 0.4274193548387097 0.015625 0.04032258064516129
1 0.7259615384615384 0.4274193548387097 0.054086538461538464 0.10483870967741936
1 0.2692307692307692 0.43010752688172044 0.028846153846153848 0.06989247311827956
1 0.20432692307692307 0.4327956989247312 0.021634615384615384 0.0456989247311828
1 0.6742788461538461 0.43548387096774194 0.018028846153846152 0.03763440860215054
1 0.609375 0.4381720430107527 0.025240384615384616 0.051075268817204304
1 0.5168269230769231 0.4381720430107527 0.018028846153846152 0.0456989247311828
1 0.4423076923076923 0.44086021505376344 0.03245192307692308 0.06989247311827956
1 0.33052884615384615 0.44086021505376344 0.02403846153846154 0.051075268817204304
1 0.35096153846153844 0.4435483870967742 0.018028846153846152 0.04032258064516129
1 0.23677884615384615 0.44623655913978494 0.03245192307692308 0.07258064516129033
1 0.4182692307692308 0.4489247311827957 0.015625 0.04032258064516129
1 0.29447115384615385 0.4543010752688172 0.027644230769230768 0.056451612903225805
1 0.4699519230769231 0.45698924731182794 0.015625 0.03763440860215054
1 0.5889423076923077 0.45698924731182794 0.01201923076923077 0.024193548387096774
1 0.39663461538461536 0.45698924731182794 0.020432692307692308 0.043010752688172046
1 0.6838942307692307 0.45698924731182794 0.014423076923076924 0.02956989247311828
1 0.5576923076923077 0.4650537634408602 0.018028846153846152 0.0456989247311828
1 0.4963942307692308 0.46774193548387094 0.018028846153846152 0.04032258064516129
1 0.36538461538461536 0.46774193548387094 0.009615384615384616 0.01881720430107527
1 0.33774038461538464 0.47043010752688175 0.014423076923076924 0.026881720430107527
1 0.5985576923076923 0.4731182795698925 0.015625 0.03225806451612903
1 0.21754807692307693 0.47580645161290325 0.016826923076923076 0.03494623655913978
1 0.7487980769230769 0.478494623655914 0.019230769230769232 0.043010752688172046
1 0.578125 0.478494623655914 0.016826923076923076 0.043010752688172046
1 0.6382211538461539 0.48118279569892475 0.016826923076923076 0.03494623655913978
1 0.6177884615384616 0.489247311827957 0.021634615384615384 0.04838709677419355
1 0.46033653846153844 0.4946236559139785 0.016826923076923076 0.03225806451612903
1 0.6971153846153846 0.4946236559139785 0.025240384615384616 0.051075268817204304
1 0.140625 0.49731182795698925 0.054086538461538464 0.09946236559139784
1 0.3233173076923077 0.5 0.016826923076923076 0.03763440860215054
2 0.46634615384615385 0.5 0.8497596153846154 0.6532258064516129
1 0.3762019230769231 0.5 0.02403846153846154 0.056451612903225805
1 0.4831730769230769 0.5026881720430108 0.014423076923076924 0.03494623655913978
1 0.40384615384615385 0.5026881720430108 0.02283653846153846 0.0456989247311828
1 0.43149038461538464 0.5053763440860215 0.021634615384615384 0.0456989247311828
1 0.6646634615384616 0.5134408602150538 0.025240384615384616 0.05913978494623656
1 0.2980769230769231 0.5134408602150538 0.030048076923076924 0.05913978494623656
1 0.4675480769230769 0.5134408602150538 0.01201923076923077 0.024193548387096774
1 0.7223557692307693 0.5161290322580645 0.019230769230769232 0.051075268817204304
1 0.5564903846153846 0.5161290322580645 0.026442307692307692 0.053763440860215055
1 0.34975961538461536 0.5188172043010753 0.025240384615384616 0.051075268817204304
1 0.5925480769230769 0.521505376344086 0.02403846153846154 0.0456989247311828
1 0.5084134615384616 0.521505376344086 0.03485576923076923 0.07526881720430108
1 0.25240384615384615 0.5268817204301075 0.036057692307692304 0.07258064516129033
1 0.2247596153846154 0.5349462365591398 0.013221153846153846 0.02956989247311828
1 0.18389423076923078 0.5349462365591398 0.03485576923076923 0.07795698924731183
1 0.453125 0.5349462365591398 0.027644230769230768 0.05913978494623656
1 0.3293269230769231 0.5376344086021505 0.020432692307692308 0.04838709677419355
1 0.4855769230769231 0.543010752688172 0.016826923076923076 0.04032258064516129
1 0.28125 0.5483870967741935 0.020432692307692308 0.043010752688172046
1 0.3629807692307692 0.5483870967741935 0.018028846153846152 0.04032258064516129
1 0.7560096153846154 0.5483870967741935 0.040865384615384616 0.08333333333333333
1 0.41225961538461536 0.5510752688172043 0.025240384615384616 0.053763440860215055
1 0.6141826923076923 0.5510752688172043 0.026442307692307692 0.053763440860215055
1 0.640625 0.553763440860215 0.025240384615384616 0.056451612903225805
1 0.7007211538461539 0.5564516129032258 0.027644230769230768 0.06451612903225806
1 0.7211538461538461 0.5591397849462365 0.007211538461538462 0.016129032258064516
1 0.7331730769230769 0.5618279569892473 0.014423076923076924 0.043010752688172046
1 0.5757211538461539 0.5725806451612904 0.036057692307692304 0.07526881720430108
1 0.38100961538461536 0.5752688172043011 0.009615384615384616 0.021505376344086023
1 0.5420673076923077 0.5752688172043011 0.03485576923076923 0.06720430107526881
1 0.3425480769230769 0.5752688172043011 0.02283653846153846 0.051075268817204304
1 0.47836538461538464 0.5779569892473119 0.015625 0.03494623655913978
1 0.3112980769230769 0.5806451612903226 0.028846153846153848 0.06451612903225806
1 0.4543269230769231 0.5833333333333334 0.015625 0.03225806451612903
1 0.49759615384615385 0.5860215053763441 0.020432692307692308 0.04838709677419355
1 0.26322115384615385 0.5860215053763441 0.015625 0.03494623655913978
1 0.6730769230769231 0.5913978494623656 0.019230769230769232 0.03494623655913978
1 0.36778846153846156 0.5913978494623656 0.015625 0.03225806451612903
1 0.23798076923076922 0.5913978494623656 0.026442307692307692 0.056451612903225805
1 0.3954326923076923 0.5967741935483871 0.026442307692307692 0.06182795698924731
1 0.12860576923076922 0.5994623655913979 0.057692307692307696 0.11559139784946236
1 0.515625 0.5994623655913979 0.016826923076923076 0.03763440860215054
1 0.7139423076923077 0.5994623655913979 0.019230769230769232 0.03763440860215054
1 0.6370192307692307 0.5994623655913979 0.015625 0.03494623655913978
1 0.6538461538461539 0.6021505376344086 0.015625 0.03763440860215054
1 0.43149038461538464 0.6021505376344086 0.03125 0.06720430107526881
1 0.17427884615384615 0.6048387096774194 0.021634615384615384 0.04838709677419355
1 0.4699519230769231 0.6075268817204301 0.016826923076923076 0.03763440860215054
1 0.22235576923076922 0.6075268817204301 0.013221153846153846 0.02956989247311828
1 0.19951923076923078 0.6102150537634409 0.021634615384615384 0.0456989247311828
0 0.4579326923076923 0.6182795698924731 0.004807692307692308 0.3064516129032258
1 0.7379807692307693 0.6209677419354839 0.026442307692307692 0.056451612903225805
1 0.6971153846153846 0.6209677419354839 0.018028846153846152 0.04032258064516129
1 0.5612980769230769 0.6236559139784946 0.018028846153846152 0.03494623655913978
1 0.7632211538461539 0.6236559139784946 0.028846153846153848 0.051075268817204304
1 0.5480769230769231 0.6236559139784946 0.01201923076923077 0.024193548387096774
1 0.25240384615384615 0.6263440860215054 0.018028846153846152 0.043010752688172046
1 0.6730769230769231 0.6290322580645161 0.019230769230769232 0.04032258064516129
1 0.6069711538461539 0.6317204301075269 0.038461538461538464 0.07526881720430108
1 0.3762019230769231 0.6344086021505376 0.021634615384615384 0.04838709677419355
1 0.49158653846153844 0.6397849462365591 0.02403846153846154 0.053763440860215055
1 0.5264423076923077 0.6424731182795699 0.025240384615384616 0.06182795698924731
1 0.6382211538461539 0.6451612903225806 0.026442307692307692 0.051075268817204304
1 0.3485576923076923 0.6451612903225806 0.030048076923076924 0.06989247311827956
1 0.3125 0.6505376344086021 0.025240384615384616 0.06989247311827956
1 0.28125 0.6532258064516129 0.030048076923076924 0.06989247311827956
1 0.21153846153846154 0.6532258064516129 0.016826923076923076 0.02956989247311828
1 0.16346153846153846 0.6532258064516129 0.025240384615384616 0.056451612903225805
1 0.41466346153846156 0.6586021505376344 0.013221153846153846 0.02956989247311828
1 0.5745192307692307 0.6612903225806451 0.021634615384615384 0.04838709677419355
1 0.7920673076923077 0.6612903225806451 0.036057692307692304 0.06720430107526881
1 0.45072115384615385 0.6612903225806451 0.02283653846153846 0.051075268817204304
1 0.6850961538461539 0.6612903225806451 0.01201923076923077 0.03225806451612903
1 0.23317307692307693 0.6612903225806451 0.021634615384615384 0.04838709677419355
1 0.5540865384615384 0.6639784946236559 0.021634615384615384 0.03763440860215054
1 0.7584134615384616 0.6720430107526881 0.027644230769230768 0.056451612903225805
1 0.18870192307692307 0.6720430107526881 0.019230769230769232 0.043010752688172046
1 0.6694711538461539 0.6747311827956989 0.018028846153846152 0.03763440860215054
1 0.47115384615384615 0.6747311827956989 0.013221153846153846 0.02956989247311828
1 0.4026442307692308 0.6774193548387096 0.021634615384615384 0.04838709677419355
1 0.5949519230769231 0.6827956989247311 0.019230769230769232 0.043010752688172046
1 0.6201923076923077 0.6827956989247311 0.016826923076923076 0.0456989247311828
1 0.3293269230769231 0.6881720430107527 0.020432692307692308 0.04838709677419355
1 0.2403846153846154 0.6881720430107527 0.016826923076923076 0.03763440860215054
1 0.09975961538461539 0.6881720430107527 0.04807692307692308 0.09946236559139784
1 0.13822115384615385 0.6908602150537635 0.019230769230769232 0.03225806451612903
1 0.2620192307692308 0.6908602150537635 0.021634615384615384 0.043010752688172046
1 0.3016826923076923 0.6935483870967742 0.015625 0.04032258064516129
1 0.7800480769230769 0.6935483870967742 0.013221153846153846 0.024193548387096774
1 0.5096153846153846 0.6935483870967742 0.025240384615384616 0.056451612903225805
1 0.6442307692307693 0.6989247311827957 0.021634615384615384 0.043010752688172046
1 0.7139423076923077 0.7016129032258065 0.025240384615384616 0.053763440860215055
1 0.171875 0.7016129032258065 0.028846153846153848 0.0456989247311828
1 0.43990384615384615 0.7016129032258065 0.016826923076923076 0.03763440860215054
1 0.8197115384615384 0.7043010752688172 0.020432692307692308 0.043010752688172046
1 0.5336538461538461 0.706989247311828 0.015625 0.04032258064516129
1 0.20673076923076922 0.7096774193548387 0.03125 0.06720430107526881
1 0.6105769230769231 0.7123655913978495 0.018028846153846152 0.043010752688172046
1 0.46153846153846156 0.7150537634408602 0.02283653846153846 0.04032258064516129
1 0.7391826923076923 0.7150537634408602 0.025240384615384616 0.056451612903225805
1 0.15144230769230768 0.717741935483871 0.020432692307692308 0.0456989247311828
1 0.4110576923076923 0.717741935483871 0.015625 0.04032258064516129
1 0.7632211538461539 0.717741935483871 0.014423076923076924 0.03494623655913978
1 0.6658653846153846 0.7204301075268817 0.02283653846153846 0.0456989247311828
1 0.6911057692307693 0.7204301075268817 0.02403846153846154 0.06182795698924731
1 0.28365384615384615 0.7258064516129032 0.027644230769230768 0.06451612903225806
1 0.7824519230769231 0.728494623655914 0.01201923076923077 0.024193548387096774
1 0.5661057692307693 0.728494623655914 0.037259615384615384 0.08602150537634409
1 0.48677884615384615 0.7311827956989247 0.020432692307692308 0.043010752688172046
1 0.37259615384615385 0.7311827956989247 0.06009615384615385 0.10215053763440861
1 0.5120192307692307 0.7365591397849462 0.010817307692307692 0.021505376344086023
1 0.3125 0.7419354838709677 0.03485576923076923 0.06182795698924731
1 0.25240384615384615 0.7446236559139785 0.03485576923076923 0.06451612903225806
1 0.6298076923076923 0.7446236559139785 0.027644230769230768 0.06182795698924731
1 0.6514423076923077 0.7473118279569892 0.013221153846153846 0.026881720430107527
1 0.8052884615384616 0.7473118279569892 0.030048076923076924 0.056451612903225805
1 0.12139423076923077 0.7526881720430108 0.03485576923076923 0.051075268817204304
1 0.07211538461538461 0.7526881720430108 0.037259615384615384 0.05913978494623656
1 0.21875 0.7526881720430108 0.025240384615384616 0.043010752688172046
1 0.19110576923076922 0.7580645161290323 0.025240384615384616 0.03763440860215054
1 0.16346153846153846 0.760752688172043 0.021634615384615384 0.03494623655913978
1 0.7223557692307693 0.760752688172043 0.025240384615384616 0.043010752688172046
1 0.5360576923076923 0.760752688172043 0.03485576923076923 0.043010752688172046
1 0.453125 0.7634408602150538 0.02283653846153846 0.04838709677419355
1 0.47475961538461536 0.7688172043010753 0.014423076923076924 0.02956989247311828
1 0.7764423076923077 0.7688172043010753 0.020432692307692308 0.051075268817204304
1 0.34134615384615385 0.7688172043010753 0.016826923076923076 0.03763440860215054
1 0.5024038461538461 0.771505376344086 0.019230769230769232 0.03225806451612903
1 0.75 0.771505376344086 0.027644230769230768 0.051075268817204304
1 0.42427884615384615 0.7741935483870968 0.03245192307692308 0.04838709677419355
1 0.6634615384615384 0.7768817204301075 0.02283653846153846 0.043010752688172046
1 0.8341346153846154 0.7768817204301075 0.03245192307692308 0.043010752688172046
1 0.5913461538461539 0.7768817204301075 0.025240384615384616 0.0456989247311828
1 0.6262019230769231 0.782258064516129 0.019230769230769232 0.02956989247311828
1 0.6887019230769231 0.782258064516129 0.016826923076923076 0.03494623655913978
1 0.7067307692307693 0.7849462365591398 0.014423076923076924 0.02956989247311828
1 0.8052884615384616 0.793010752688172 0.02283653846153846 0.021505376344086023
1 0.8701923076923077 0.7956989247311828 0.026442307692307692 0.0456989247311828
1 0.6574519230769231 0.24193548387096775 0.019230769230769232 0.0456989247311828
1 0.47596153846153844 0.24731182795698925 0.015625 0.03763440860215054
1 0.5757211538461539 0.25806451612903225 0.021634615384615384 0.051075268817204304
1 0.6394230769230769 0.271505376344086 0.013221153846153846 0.026881720430107527
1 0.4963942307692308 0.2768817204301075 0.015625 0.04032258064516129
1 0.46274038461538464 0.27956989247311825 0.014423076923076924 0.02956989247311828