1 0.6454326923076923 0.3261455525606469 0.06129807692307692 0.1293800539083558
1 0.7019230769230769 0.3557951482479784 0.04927884615384615 0.12398921832884097
1 0.7596153846153846 0.3665768194070081 0.039663461538461536 0.1105121293800539
1 0.5649038461538461 0.3665768194070081 0.055288461538461536 0.12668463611859837
1 0.24278846153846154 0.3719676549865229 0.07572115384615384 0.1752021563342318
1 0.49278846153846156 0.38005390835579517 0.04447115384615385 0.09703504043126684
1 0.3701923076923077 0.40161725067385445 0.06850961538461539 0.18328840970350405
1 0.8100961538461539 0.4123989218328841 0.0625 0.1347708894878706
1 0.6141826923076923 0.41509433962264153 0.04927884615384615 0.10512129380053908
1 0.6634615384615384 0.42857142857142855 0.04326923076923077 0.09703504043126684
1 0.5276442307692307 0.4393530997304582 0.037259615384615384 0.08086253369272237
1 0.7259615384615384 0.4393530997304582 0.037259615384615384 0.08086253369272237
1 0.30649038461538464 0.4420485175202156 0.055288461538461536 0.1293800539083558
1 0.44350961538461536 0.4501347708894879 0.06610576923076923 0.1293800539083558
1 0.19230769230769232 0.4609164420485175 0.054086538461538464 0.1105121293800539
1 0.5649038461538461 0.4716981132075472 0.042067307692307696 0.0862533692722372
2 0.5084134615384616 0.49865229110512127 0.8870192307692307 0.7142857142857143
1 0.7704326923076923 0.49865229110512127 0.046875 0.09433962264150944
1 0.49038461538461536 0.5040431266846361 0.051682692307692304 0.11320754716981132
1 0.26322115384615385 0.5148247978436657 0.056490384615384616 0.1078167115902965
1 0.6983173076923077 0.5256064690026954 0.051682692307692304 0.09973045822102426
1 0.6033653846153846 0.5283018867924528 0.04447115384615385 0.10512129380053908
1 0.6466346153846154 0.5309973045822103 0.042067307692307696 0.0862533692722372
1 0.3701923076923077 0.5417789757412399 0.057692307692307696 0.1105121293800539
1 0.8413461538461539 0.5444743935309974 0.07572115384615384 0.16442048517520216
1 0.5384615384615384 0.5660377358490566 0.04927884615384615 0.12398921832884097
1 0.7451923076923077 0.5741239892183289 0.036057692307692304 0.09973045822102426
1 0.3112980769230769 0.5822102425876011 0.057692307692307696 0.1347708894878706
1 0.7836538461538461 0.5849056603773585 0.04567307692307692 0.10242587601078167
1 0.1502403846153846 0.5902964959568733 0.07211538461538461 0.15363881401617252
1 0.4206730769230769 0.5983827493261455 0.06009615384615385 0.1105121293800539
0 0.42788461538461536 0.6145552560646901 0.009615384615384616 0.42318059299191374
1 0.6766826923076923 0.6199460916442049 0.03485576923076923 0.07547169811320754
1 0.234375 0.6253369272237197 0.07091346153846154 0.15633423180592992
1 0.484375 0.628032345013477 0.0673076923076923 0.1320754716981132
1 0.578125 0.6307277628032345 0.042067307692307696 0.1105121293800539
1 0.8978365384615384 0.6307277628032345 0.055288461538461536 0.12398921832884097
1 0.6274038461538461 0.6361185983827493 0.04927884615384615 0.11590296495956873
1 0.7151442307692307 0.6469002695417789 0.04927884615384615 0.12398921832884097
1 0.8149038461538461 0.660377358490566 0.039663461538461536 0.0862533692722372
1 0.3701923076923077 0.6765498652291105 0.06971153846153846 0.14016172506738545
1 0.7704326923076923 0.6819407008086253 0.05048076923076923 0.11590296495956873
1 0.5384615384615384 0.692722371967655 0.042067307692307696 0.10512129380053908
1 0.6778846153846154 0.7331536388140162 0.06370192307692307 0.12398921832884097
1 0.2920673076923077 0.7412398921832885 0.08653846153846154 0.18328840970350405
1 0.4326923076923077 0.7439353099730458 0.0733173076923077 0.14285714285714285
1 0.4987980769230769 0.7466307277628033 0.051682692307692304 0.09973045822102426
1 0.9182692307692307 0.7466307277628033 0.052884615384615384 0.10512129380053908
1 0.7355769230769231 0.7493261455525606 0.055288461538461536 0.09433962264150944
1 0.11778846153846154 0.7547169811320755 0.0829326923076923 0.18867924528301888
1 0.8028846153846154 0.7547169811320755 0.04927884615384615 0.08086253369272237
1 0.6117788461538461 0.7547169811320755 0.040865384615384616 0.07547169811320754
1 0.5661057692307693 0.7574123989218329 0.046875 0.09164420485175202
1 0.96875 0.7735849056603774 0.046875 0.09973045822102426
1 0.2247596153846154 0.7735849056603774 0.057692307692307696 0.10512129380053908
1 0.36778846153846156 0.7789757412398922 0.038461538461538464 0.07008086253369272
1 0.3557692307692308 0.19946091644204852 0.06971153846153846 0.1509433962264151
1 0.8088942307692307 0.24528301886792453 0.06490384615384616 0.16981132075471697
1 0.7367788461538461 0.24797843665768193 0.06610576923076923 0.14824797843665768
1 0.43149038461538464 0.2641509433962264 0.0985576923076923 0.1940700808625337
1 0.5985576923076923 0.2695417789757412 0.052884615384615384 0.11320754716981132
1 0.5216346153846154 0.2722371967654987 0.0625 0.1347708894878706
1 0.3088942307692308 0.29110512129380056 0.06009615384615385 0.13746630727762804