1 0.5913461538461539 0.5432692307692307 0.0733173076923077 0.09134615384615384
1 0.33052884615384615 0.5673076923076923 0.07572115384615384 0.10256410256410256
1 0.53125 0.6169871794871795 0.07211538461538461 0.09294871794871795
1 0.6334134615384616 0.6266025641025641 0.07211538461538461 0.09775641025641026
1 0.43990384615384615 0.6266025641025641 0.07932692307692307 0.10096153846153846
0 0.7439903846153846 0.6314102564102564 0.026442307692307692 0.3958333333333333
1 0.265625 0.6506410256410257 0.07932692307692307 0.11217948717948718
1 0.36899038461538464 0.657051282051282 0.06610576923076923 0.08653846153846154
2 0.5360576923076923 0.6586538461538461 0.7680288461538461 0.36538461538461536
1 0.7608173076923077 0.6955128205128205 0.0673076923076923 0.09455128205128205
1 0.5793269230769231 0.7003205128205128 0.07572115384615384 0.09775641025641026
1 0.49278846153846156 0.7147435897435898 0.07572115384615384 0.09615384615384616
1 0.6875 0.717948717948718 0.078125 0.09455128205128205
1 0.32572115384615385 0.7227564102564102 0.057692307692307696 0.08333333333333333
1 0.41947115384615385 0.7243589743589743 0.06971153846153846 0.08814102564102565
1 0.2091346153846154 0.7259615384615384 0.057692307692307696 0.08333333333333333
1 0.8689903846153846 0.7676282051282052 0.0829326923076923 0.11378205128205128
1 0.5444711538461539 0.7836538461538461 0.07091346153846154 0.08333333333333333
1 0.6213942307692307 0.7836538461538461 0.07091346153846154 0.07692307692307693
1 0.4735576923076923 0.7852564102564102 0.055288461538461536 0.05448717948717949
1 0.7860576923076923 0.7884615384615384 0.06971153846153846 0.08974358974358974
1 0.3545673076923077 0.7884615384615384 0.052884615384615384 0.07371794871794872
1 0.7067307692307693 0.7932692307692307 0.0625 0.07051282051282051
1 0.2668269230769231 0.7932692307692307 0.07692307692307693 0.07692307692307693
1 0.1875 0.7948717948717948 0.06009615384615385 0.05929487179487179