1 0.9747596153846154 0.7967741935483871 0.028846153846153848 0.09032258064516129
1 0.9471153846153846 0.7774193548387097 0.036057692307692304 0.0935483870967742
1 0.90625 0.8 0.03365384615384615 0.07096774193548387
1 0.9146634615384616 0.7225806451612903 0.04447115384615385 0.11290322580645161
1 0.8617788461538461 0.8129032258064516 0.036057692307692304 0.06774193548387097
1 0.8798076923076923 0.7516129032258064 0.037259615384615384 0.1032258064516129
1 0.8954326923076923 0.632258064516129 0.036057692307692304 0.1
1 0.8737980769230769 0.5516129032258065 0.042067307692307696 0.1
1 0.8521634615384616 0.46774193548387094 0.04326923076923077 0.11290322580645161
1 0.8317307692307693 0.38064516129032255 0.039663461538461536 0.09032258064516129
1 0.8064903846153846 0.3032258064516129 0.04326923076923077 0.10967741935483871
1 0.859375 0.6774193548387096 0.037259615384615384 0.1
1 0.8353365384615384 0.7483870967741936 0.04567307692307692 0.11612903225806452
1 0.8341346153846154 0.5838709677419355 0.042067307692307696 0.11935483870967742
1 0.8161057692307693 0.4935483870967742 0.037259615384615384 0.1
1 0.7956730769230769 0.4129032258064516 0.039663461538461536 0.1064516129032258
1 0.7584134615384616 0.35161290322580646 0.04807692307692308 0.12258064516129032
1 0.7512019230769231 0.25483870967741934 0.03245192307692308 0.08387096774193549
1 0.7644230769230769 0.46774193548387094 0.036057692307692304 0.0935483870967742
1 0.7836538461538461 0.567741935483871 0.051682692307692304 0.14193548387096774
1 0.8088942307692307 0.6612903225806451 0.037259615384615384 0.1032258064516129
1 0.7944711538461539 0.7838709677419354 0.038461538461538464 0.08387096774193549
1 0.7740384615384616 0.7193548387096774 0.03125 0.09032258064516129
1 0.7463942307692307 0.7806451612903226 0.051682692307692304 0.0967741935483871
1 0.7439903846153846 0.632258064516129 0.04927884615384615 0.13870967741935483
1 0.7367788461538461 0.5193548387096775 0.037259615384615384 0.1032258064516129
1 0.7295673076923077 0.4161290322580645 0.042067307692307696 0.11612903225806452
1 0.7175480769230769 0.3225806451612903 0.03485576923076923 0.1032258064516129
1 0.6935096153846154 0.2129032258064516 0.04927884615384615 0.14193548387096774
1 0.6514423076923077 0.16451612903225807 0.04807692307692308 0.12258064516129032
1 0.6574519230769231 0.267741935483871 0.03365384615384615 0.1
1 0.6742788461538461 0.3741935483870968 0.057692307692307696 0.13548387096774195
1 0.6911057692307693 0.47096774193548385 0.04447115384615385 0.10967741935483871
1 0.7079326923076923 0.603225806451613 0.03125 0.08064516129032258
1 0.7163461538461539 0.7225806451612903 0.037259615384615384 0.1032258064516129
1 0.6838942307692307 0.7774193548387097 0.054086538461538464 0.08387096774193549
1 0.6754807692307693 0.5709677419354838 0.040865384615384616 0.1032258064516129
1 0.6790865384615384 0.6774193548387096 0.04567307692307692 0.12903225806451613
1 0.6057692307692307 0.14193548387096774 0.04326923076923077 0.12258064516129032
1 0.625 0.24838709677419354 0.03245192307692308 0.0967741935483871
1 0.6262019230769231 0.3419354838709677 0.037259615384615384 0.08709677419354839
1 0.6346153846153846 0.43548387096774194 0.039663461538461536 0.09032258064516129
1 0.6514423076923077 0.5096774193548387 0.03245192307692308 0.08709677419354839
1 0.6394230769230769 0.6129032258064516 0.04807692307692308 0.11935483870967742
1 0.6430288461538461 0.7290322580645161 0.046875 0.13225806451612904
1 0.6177884615384616 0.7903225806451613 0.04567307692307692 0.07096774193548387
1 0.5901442307692307 0.7387096774193549 0.038461538461538464 0.10967741935483871
1 0.609375 0.667741935483871 0.03365384615384615 0.1
1 0.6153846153846154 0.532258064516129 0.036057692307692304 0.1
1 0.5973557692307693 0.4612903225806452 0.03485576923076923 0.0967741935483871
1 0.5757211538461539 0.38387096774193546 0.040865384615384616 0.1064516129032258
1 0.5901442307692307 0.27741935483870966 0.042067307692307696 0.12258064516129032
1 0.5612980769230769 0.16451612903225807 0.04326923076923077 0.11612903225806452
1 0.546875 0.3193548387096774 0.038461538461538464 0.1032258064516129
1 0.5709134615384616 0.5096774193548387 0.028846153846153848 0.08709677419354839
1 0.5829326923076923 0.6096774193548387 0.04326923076923077 0.1032258064516129
1 0.5576923076923077 0.6774193548387096 0.03485576923076923 0.0935483870967742
1 0.5324519230769231 0.7354838709677419 0.036057692307692304 0.08709677419354839
1 0.5576923076923077 0.7806451612903226 0.037259615384615384 0.06451612903225806
1 0.5228365384615384 0.11290322580645161 0.04447115384615385 0.1064516129032258
1 0.5240384615384616 0.22580645161290322 0.046875 0.11290322580645161
1 0.5108173076923077 0.3548387096774194 0.040865384615384616 0.11290322580645161
1 0.5432692307692307 0.44516129032258067 0.04807692307692308 0.11935483870967742
1 0.5444711538461539 0.5645161290322581 0.04447115384615385 0.10967741935483871
1 0.5192307692307693 0.6580645161290323 0.037259615384615384 0.1
1 0.49158653846153844 0.7161290322580646 0.039663461538461536 0.1064516129032258
1 0.5108173076923077 0.7903225806451613 0.036057692307692304 0.08064516129032258
1 0.4831730769230769 0.15483870967741936 0.038461538461538464 0.1032258064516129
1 0.4795673076923077 0.2709677419354839 0.05048076923076923 0.12580645161290321
1 0.5096153846153846 0.5064516129032258 0.039663461538461536 0.1064516129032258
1 0.4831730769230769 0.603225806451613 0.04567307692307692 0.11935483870967742
1 0.4579326923076923 0.7838709677419354 0.05048076923076923 0.11612903225806452
1 0.4519230769230769 0.6774193548387096 0.04567307692307692 0.0967741935483871
1 0.44471153846153844 0.2129032258064516 0.038461538461538464 0.08709677419354839
1 0.4807692307692308 0.43548387096774194 0.039663461538461536 0.11935483870967742
1 0.4519230769230769 0.36451612903225805 0.038461538461538464 0.09032258064516129
1 0.45913461538461536 0.5225806451612903 0.03245192307692308 0.08387096774193549
1 0.43028846153846156 0.5967741935483871 0.040865384615384616 0.1064516129032258
1 0.41346153846153844 0.7483870967741936 0.046875 0.10967741935483871
1 0.37740384615384615 0.1 0.037259615384615384 0.09032258064516129
1 0.3894230769230769 0.20967741935483872 0.046875 0.11290322580645161
1 0.4170673076923077 0.3096774193548387 0.04567307692307692 0.13225806451612904
1 0.43028846153846156 0.4483870967741935 0.039663461538461536 0.1
1 0.3942307692307692 0.4032258064516129 0.040865384615384616 0.10967741935483871
1 0.39903846153846156 0.5258064516129032 0.046875 0.11612903225806452
1 0.390625 0.632258064516129 0.042067307692307696 0.11290322580645161
1 0.3786057692307692 0.8032258064516129 0.039663461538461536 0.05161290322580645
1 0.3545673076923077 0.7193548387096774 0.056490384615384616 0.14838709677419354
1 0.33533653846153844 0.8032258064516129 0.039663461538461536 0.06774193548387097
1 0.3786057692307692 0.3096774193548387 0.03365384615384615 0.0967741935483871
1 0.3485576923076923 0.18387096774193548 0.03485576923076923 0.08709677419354839
1 0.32572115384615385 0.2709677419354839 0.042067307692307696 0.11290322580645161
1 0.34615384615384615 0.36774193548387096 0.046875 0.13548387096774195
1 0.36658653846153844 0.4612903225806452 0.03365384615384615 0.08709677419354839
1 0.328125 0.46774193548387094 0.038461538461538464 0.1
1 0.35096153846153844 0.5645161290322581 0.052884615384615384 0.14193548387096774
1 0.31971153846153844 0.6387096774193548 0.03485576923076923 0.1
1 0.30408653846153844 0.7322580645161291 0.04326923076923077 0.12903225806451613
1 0.27524038461538464 0.7967741935483871 0.037259615384615384 0.06451612903225806
1 0.3004807692307692 0.38064516129032255 0.037259615384615384 0.10967741935483871
1 0.3016826923076923 0.5451612903225806 0.04567307692307692 0.11935483870967742
1 0.2824519230769231 0.6483870967741936 0.03365384615384615 0.0967741935483871
1 0.2536057692307692 0.7096774193548387 0.042067307692307696 0.11290322580645161
1 0.23076923076923078 0.7903225806451613 0.04567307692307692 0.08064516129032258
1 0.2692307692307692 0.4483870967741935 0.051682692307692304 0.13870967741935483
1 0.25841346153846156 0.5774193548387097 0.03485576923076923 0.1032258064516129
1 0.22235576923076922 0.632258064516129 0.04326923076923077 0.11935483870967742
1 0.1971153846153846 0.7387096774193549 0.04807692307692308 0.12258064516129032
1 0.16466346153846154 0.7870967741935484 0.039663461538461536 0.07419354838709677
1 0.5817307692307693 0.5419354838709678 0.009615384615384616 0.27741935483870966
1 0.5649038461538461 0.45806451612903226 0.8665865384615384 0.8387096774193549