1 0.036057692307692304 0.8125 0.026442307692307692 0.06696428571428571
1 0.0625 0.8303571428571429 0.027644230769230768 0.07142857142857142
1 0.0829326923076923 0.7901785714285714 0.02283653846153846 0.07142857142857142
1 0.051682692307692304 0.7544642857142857 0.026442307692307692 0.09375
1 0.07451923076923077 0.7008928571428571 0.030048076923076924 0.10714285714285714
1 0.08413461538461539 0.5892857142857143 0.03365384615384615 0.11160714285714286
1 0.09254807692307693 0.4955357142857143 0.019230769230769232 0.07142857142857142
1 0.11298076923076923 0.4419642857142857 0.02283653846153846 0.08482142857142858
1 0.13581730769230768 0.38392857142857145 0.02283653846153846 0.08035714285714286
1 0.1502403846153846 0.29464285714285715 0.030048076923076924 0.11160714285714286
1 0.16466346153846154 0.39285714285714285 0.019230769230769232 0.07589285714285714
1 0.13341346153846154 0.4732142857142857 0.019230769230769232 0.07589285714285714
1 0.11538461538461539 0.5446428571428571 0.03245192307692308 0.11607142857142858
1 0.14302884615384615 0.5401785714285714 0.019230769230769232 0.07142857142857142
1 0.1502403846153846 0.45089285714285715 0.019230769230769232 0.07142857142857142
1 0.16947115384615385 0.45982142857142855 0.016826923076923076 0.06696428571428571
1 0.16105769230769232 0.5223214285714286 0.016826923076923076 0.07142857142857142
1 0.17908653846153846 0.5491071428571429 0.018028846153846152 0.07142857142857142
1 0.1875 0.48660714285714285 0.018028846153846152 0.06696428571428571
1 0.1346153846153846 0.625 0.02283653846153846 0.09821428571428571
1 0.10817307692307693 0.65625 0.026442307692307692 0.09821428571428571
1 0.10336538461538461 0.7544642857142857 0.02403846153846154 0.08035714285714286
1 0.10336538461538461 0.8392857142857143 0.025240384615384616 0.07142857142857142
1 0.12139423076923077 0.7946428571428571 0.019230769230769232 0.06696428571428571
1 0.12860576923076922 0.8616071428571429 0.019230769230769232 0.05357142857142857
1 0.15264423076923078 0.8482142857142857 0.025240384615384616 0.0625
1 0.12740384615384615 0.71875 0.02283653846153846 0.08035714285714286
1 0.14423076923076922 0.78125 0.02283653846153846 0.08928571428571429
1 0.15144230769230768 0.6919642857142857 0.02403846153846154 0.08482142857142858
1 0.1622596153846154 0.6071428571428571 0.02403846153846154 0.09375
1 0.17668269230769232 0.6875 0.02403846153846154 0.09375
1 0.16346153846153846 0.7767857142857143 0.016826923076923076 0.07589285714285714
1 0.17668269230769232 0.84375 0.021634615384615384 0.07142857142857142
1 0.1875 0.7767857142857143 0.019230769230769232 0.07589285714285714
1 0.20192307692307693 0.7098214285714286 0.02403846153846154 0.09375
1 0.1971153846153846 0.6071428571428571 0.028846153846153848 0.09821428571428571
1 0.17427884615384615 0.24553571428571427 0.02283653846153846 0.09375
1 0.18990384615384615 0.33482142857142855 0.028846153846153848 0.11160714285714286
1 0.20192307692307693 0.41964285714285715 0.021634615384615384 0.08928571428571429
1 0.20432692307692307 0.5267857142857143 0.016826923076923076 0.06696428571428571
1 0.22115384615384615 0.5714285714285714 0.025240384615384616 0.08928571428571429
1 0.23317307692307693 0.6651785714285714 0.025240384615384616 0.09375
1 0.2247596153846154 0.7589285714285714 0.025240384615384616 0.08928571428571429
1 0.20673076923076922 0.8303571428571429 0.030048076923076924 0.09821428571428571
1 0.23677884615384615 0.84375 0.025240384615384616 0.08035714285714286
1 0.25961538461538464 0.8214285714285714 0.018028846153846152 0.0625
1 0.25240384615384615 0.7544642857142857 0.025240384615384616 0.09821428571428571
1 0.28365384615384615 0.8035714285714286 0.02403846153846154 0.09375
1 0.2764423076923077 0.7232142857142857 0.026442307692307692 0.08928571428571429
1 0.24519230769230768 0.5848214285714286 0.016826923076923076 0.05803571428571429
1 0.25721153846153844 0.5401785714285714 0.018028846153846152 0.0625
1 0.23918269230769232 0.5133928571428571 0.020432692307692308 0.07142857142857142
1 0.22235576923076922 0.4642857142857143 0.021634615384615384 0.08482142857142858
1 0.21875 0.39285714285714285 0.015625 0.06696428571428571
1 0.21153846153846154 0.32589285714285715 0.016826923076923076 0.06696428571428571
1 0.20552884615384615 0.24553571428571427 0.02403846153846154 0.09375
1 0.22716346153846154 0.21428571428571427 0.02403846153846154 0.08928571428571429
1 0.25 0.2544642857142857 0.019230769230769232 0.0625
1 0.23317307692307693 0.3169642857142857 0.025240384615384616 0.09375
1 0.2439903846153846 0.41517857142857145 0.028846153846153848 0.10267857142857142
1 0.2644230769230769 0.4642857142857143 0.019230769230769232 0.07589285714285714
1 0.2608173076923077 0.6473214285714286 0.02403846153846154 0.09375
1 0.25721153846153844 0.32589285714285715 0.020432692307692308 0.08482142857142858
1 0.2776442307692308 0.38392857142857145 0.02283653846153846 0.09375
1 0.27283653846153844 0.2544642857142857 0.021634615384615384 0.07589285714285714
1 0.2920673076923077 0.29910714285714285 0.025240384615384616 0.08928571428571429
1 0.3004807692307692 0.21428571428571427 0.02283653846153846 0.07589285714285714
1 0.30649038461538464 0.40625 0.027644230769230768 0.10714285714285714
1 0.2860576923076923 0.47767857142857145 0.021634615384615384 0.08482142857142858
1 0.28125 0.5803571428571429 0.03485576923076923 0.11607142857142858
1 0.2980769230769231 0.65625 0.02283653846153846 0.08928571428571429
1 0.29927884615384615 0.7410714285714286 0.016826923076923076 0.06696428571428571
1 0.3088942307692308 0.7991071428571429 0.02283653846153846 0.08035714285714286
1 0.33413461538461536 0.7991071428571429 0.02403846153846154 0.08928571428571429
1 0.31850961538461536 0.7142857142857143 0.026442307692307692 0.10714285714285714
1 0.3173076923076923 0.6071428571428571 0.020432692307692308 0.08928571428571429
1 0.3088942307692308 0.5223214285714286 0.026442307692307692 0.09821428571428571
1 0.32211538461538464 0.26339285714285715 0.025240384615384616 0.08928571428571429
1 0.32572115384615385 0.34375 0.020432692307692308 0.07589285714285714
1 0.3293269230769231 0.45535714285714285 0.025240384615384616 0.09821428571428571
1 0.3425480769230769 0.5491071428571429 0.02283653846153846 0.08035714285714286
1 0.3401442307692308 0.6294642857142857 0.019230769230769232 0.08035714285714286
1 0.3473557692307692 0.7098214285714286 0.02283653846153846 0.09375
1 0.3605769230769231 0.78125 0.02403846153846154 0.08482142857142858
1 0.35096153846153844 0.26339285714285715 0.02403846153846154 0.09375
1 0.3473557692307692 0.375 0.026442307692307692 0.09375
1 0.35697115384615385 0.4642857142857143 0.026442307692307692 0.09821428571428571
1 0.36658653846153844 0.5580357142857143 0.02283653846153846 0.07142857142857142
1 0.36899038461538464 0.65625 0.030048076923076924 0.11160714285714286
1 0.3870192307692308 0.7544642857142857 0.03365384615384615 0.12946428571428573
1 0.37740384615384615 0.25 0.025240384615384616 0.09375
1 0.3713942307692308 0.3392857142857143 0.020432692307692308 0.08035714285714286
1 0.38341346153846156 0.45089285714285715 0.020432692307692308 0.07142857142857142
1 0.3954326923076923 0.5223214285714286 0.015625 0.06696428571428571
1 0.3870192307692308 0.59375 0.019230769230769232 0.07142857142857142
1 0.40384615384615385 0.6607142857142857 0.026442307692307692 0.10714285714285714
1 0.4254807692307692 0.7633928571428571 0.026442307692307692 0.09375
1 0.4026442307692308 0.2767857142857143 0.025240384615384616 0.08928571428571429
1 0.39663461538461536 0.3794642857142857 0.026442307692307692 0.10714285714285714
1 0.4170673076923077 0.45535714285714285 0.028846153846153848 0.11160714285714286
1 0.4170673076923077 0.5669642857142857 0.030048076923076924 0.09821428571428571
1 0.4362980769230769 0.65625 0.03125 0.10714285714285714
1 0.4543269230769231 0.7410714285714286 0.028846153846153848 0.09821428571428571
1 0.4254807692307692 0.24553571428571427 0.018028846153846152 0.06696428571428571
1 0.42427884615384615 0.34375 0.02403846153846154 0.08928571428571429
1 0.4387019230769231 0.4107142857142857 0.019230769230769232 0.07142857142857142
1 0.4483173076923077 0.47767857142857145 0.019230769230769232 0.07589285714285714
1 0.44471153846153844 0.5580357142857143 0.02283653846153846 0.08928571428571429
1 0.45913461538461536 0.6205357142857143 0.019230769230769232 0.07589285714285714
1 0.47596153846153844 0.6830357142857143 0.019230769230769232 0.07589285714285714
1 0.48677884615384615 0.7589285714285714 0.025240384615384616 0.08035714285714286
1 0.44350961538461536 0.28125 0.02403846153846154 0.08928571428571429
1 0.45913461538461536 0.36160714285714285 0.021634615384615384 0.07142857142857142
1 0.4735576923076923 0.42857142857142855 0.027644230769230768 0.09375
1 0.4675480769230769 0.5178571428571429 0.019230769230769232 0.07589285714285714
1 0.48197115384615385 0.5758928571428571 0.02403846153846154 0.08928571428571429
1 0.5012019230769231 0.6607142857142857 0.03245192307692308 0.11607142857142858
1 0.5144230769230769 0.7544642857142857 0.02403846153846154 0.08482142857142858
1 0.46875 0.21875 0.020432692307692308 0.07142857142857142
1 0.4795673076923077 0.30357142857142855 0.030048076923076924 0.10714285714285714
1 0.4951923076923077 0.39285714285714285 0.021634615384615384 0.07142857142857142
1 0.49158653846153844 0.4955357142857143 0.02283653846153846 0.08482142857142858
1 0.5072115384615384 0.5580357142857143 0.018028846153846152 0.0625
1 0.53125 0.6116071428571429 0.03485576923076923 0.125
1 0.5504807692307693 0.7321428571428571 0.042067307692307696 0.16071428571428573
1 0.5228365384615384 0.5133928571428571 0.016826923076923076 0.06696428571428571
1 0.5144230769230769 0.4330357142857143 0.026442307692307692 0.10267857142857142
1 0.5420673076923077 0.5133928571428571 0.019230769230769232 0.07142857142857142
1 0.5 0.25 0.02283653846153846 0.08928571428571429
1 0.5192307692307693 0.32589285714285715 0.028846153846153848 0.10714285714285714
1 0.5252403846153846 0.23214285714285715 0.019230769230769232 0.07142857142857142
1 0.5492788461538461 0.19642857142857142 0.02283653846153846 0.08035714285714286
1 0.5480769230769231 0.29910714285714285 0.025240384615384616 0.09375
1 0.5408653846153846 0.39732142857142855 0.026442307692307692 0.09821428571428571
1 0.5588942307692307 0.4732142857142857 0.021634615384615384 0.08035714285714286
1 0.5625 0.5803571428571429 0.02403846153846154 0.09375
1 0.5745192307692307 0.6651785714285714 0.021634615384615384 0.08482142857142858
1 0.5877403846153846 0.7544642857142857 0.026442307692307692 0.10714285714285714
1 0.5721153846153846 0.24553571428571427 0.02283653846153846 0.08928571428571429
1 0.5721153846153846 0.3482142857142857 0.03125 0.10714285714285714
1 0.5853365384615384 0.4330357142857143 0.02403846153846154 0.08035714285714286
1 0.5817307692307693 0.5223214285714286 0.027644230769230768 0.09375
1 0.5961538461538461 0.6116071428571429 0.02283653846153846 0.09375
1 0.609375 0.7142857142857143 0.020432692307692308 0.07142857142857142
1 0.6225961538461539 0.7678571428571429 0.026442307692307692 0.08928571428571429
1 0.6021634615384616 0.34375 0.025240384615384616 0.09375
1 0.6165865384615384 0.41964285714285715 0.025240384615384616 0.08035714285714286
1 0.6129807692307693 0.5178571428571429 0.03365384615384615 0.11160714285714286
1 0.6213942307692307 0.6294642857142857 0.021634615384615384 0.07589285714285714
1 0.6382211538461539 0.6919642857142857 0.02403846153846154 0.08035714285714286
1 0.6526442307692307 0.7589285714285714 0.025240384615384616 0.08482142857142858
1 0.6394230769230769 0.5669642857142857 0.02283653846153846 0.08928571428571429
1 0.6574519230769231 0.6294642857142857 0.021634615384615384 0.07142857142857142
1 0.6682692307692307 0.6875 0.020432692307692308 0.07589285714285714
1 0.6778846153846154 0.7633928571428571 0.019230769230769232 0.06696428571428571
1 0.6430288461538461 0.4732142857142857 0.02403846153846154 0.09375
1 0.6646634615384616 0.5401785714285714 0.027644230769230768 0.10267857142857142
1 0.6814903846153846 0.6160714285714286 0.02283653846153846 0.07589285714285714
1 0.6947115384615384 0.7008928571428571 0.027644230769230768 0.09821428571428571
1 0.7151442307692307 0.7589285714285714 0.020432692307692308 0.06696428571428571
1 0.5997596153846154 0.23214285714285715 0.030048076923076924 0.11607142857142858
1 0.6310096153846154 0.2767857142857143 0.028846153846153848 0.11160714285714286
1 0.6454326923076923 0.3705357142857143 0.021634615384615384 0.07589285714285714
1 0.6802884615384616 0.4419642857142857 0.028846153846153848 0.10267857142857142
1 0.6983173076923077 0.5133928571428571 0.028846153846153848 0.09375
1 0.7055288461538461 0.6071428571428571 0.021634615384615384 0.08035714285714286
1 0.7259615384615384 0.6696428571428571 0.02403846153846154 0.09375
1 0.7415865384615384 0.7455357142857143 0.025240384615384616 0.09821428571428571
1 0.6694711538461539 0.35267857142857145 0.02283653846153846 0.09375
1 0.6514423076923077 0.20982142857142858 0.02283653846153846 0.08928571428571429
1 0.6766826923076923 0.2544642857142857 0.026442307692307692 0.08928571428571429
1 0.6911057692307693 0.35267857142857145 0.018028846153846152 0.07142857142857142
1 0.7079326923076923 0.40625 0.025240384615384616 0.09375
1 0.7235576923076923 0.48660714285714285 0.021634615384615384 0.08035714285714286
1 0.7355769230769231 0.5669642857142857 0.028846153846153848 0.11160714285714286
1 0.7548076923076923 0.65625 0.03125 0.09375
1 0.7776442307692307 0.7410714285714286 0.036057692307692304 0.11607142857142858
1 0.703125 0.28125 0.025240384615384616 0.09375
1 0.7247596153846154 0.33035714285714285 0.02283653846153846 0.08482142857142858
1 0.7439903846153846 0.4107142857142857 0.030048076923076924 0.11160714285714286
1 0.7572115384615384 0.5 0.02283653846153846 0.08482142857142858
1 0.7620192307692307 0.5758928571428571 0.019230769230769232 0.07142857142857142
1 0.7848557692307693 0.6205357142857143 0.02283653846153846 0.08928571428571429
1 0.8100961538461539 0.65625 0.026442307692307692 0.10714285714285714
1 0.8233173076923077 0.75 0.028846153846153848 0.10714285714285714
1 0.8004807692307693 0.5758928571428571 0.019230769230769232 0.06696428571428571
1 0.7824519230769231 0.5357142857142857 0.019230769230769232 0.06696428571428571
1 0.7788461538461539 0.45982142857142855 0.02283653846153846 0.08482142857142858
1 0.7692307692307693 0.3705357142857143 0.019230769230769232 0.07589285714285714
1 0.7536057692307693 0.30357142857142855 0.025240384615384616 0.09375
1 0.734375 0.23660714285714285 0.02283653846153846 0.09375
1 0.7139423076923077 0.17857142857142858 0.02283653846153846 0.08928571428571429
1 0.7608173076923077 0.20535714285714285 0.027644230769230768 0.09375
1 0.7776442307692307 0.29464285714285715 0.025240384615384616 0.08928571428571429
1 0.7932692307692307 0.375 0.02283653846153846 0.08482142857142858
1 0.8076923076923077 0.46875 0.03365384615384615 0.13392857142857142
1 0.828125 0.5625 0.028846153846153848 0.11160714285714286
1 0.8521634615384616 0.6383928571428571 0.03365384615384615 0.125
1 0.8713942307692307 0.7366071428571429 0.03485576923076923 0.125
1 0.7824519230769231 0.14285714285714285 0.020432692307692308 0.06696428571428571
1 0.7956730769230769 0.22321428571428573 0.026442307692307692 0.10714285714285714
1 0.8161057692307693 0.33035714285714285 0.02403846153846154 0.09375
1 0.8365384615384616 0.40625 0.03365384615384615 0.125
1 0.859375 0.5089285714285714 0.03485576923076923 0.125
1 0.8822115384615384 0.5982142857142857 0.028846153846153848 0.10714285714285714
1 0.8990384615384616 0.6785714285714286 0.025240384615384616 0.09375
1 0.9026442307692307 0.7723214285714286 0.025240384615384616 0.08035714285714286
1 0.8401442307692307 0.27232142857142855 0.027644230769230768 0.10714285714285714
1 0.8629807692307693 0.3482142857142857 0.027644230769230768 0.10714285714285714
1 0.8846153846153846 0.4375 0.028846153846153848 0.10714285714285714
1 0.9110576923076923 0.5223214285714286 0.036057692307692304 0.13392857142857142
1 0.9278846153846154 0.6383928571428571 0.03365384615384615 0.11607142857142858
1 0.9326923076923077 0.7589285714285714 0.03125 0.11160714285714286
1 0.5 0.6116071428571429 0.007211538461538462 0.33482142857142855
1 0.49399038461538464 0.49107142857142855 0.9519230769230769 0.8303571428571429