1 0.5901442307692307 0.2913752913752914 0.027644230769230768 0.06293706293706294
1 0.7584134615384616 0.29836829836829837 0.037259615384615384 0.06060606060606061
1 0.6466346153846154 0.30303030303030304 0.028846153846153848 0.055944055944055944
1 0.6923076923076923 0.3076923076923077 0.025240384615384616 0.05128205128205128
1 0.39903846153846156 0.3123543123543124 0.028846153846153848 0.06060606060606061
1 0.4483173076923077 0.317016317016317 0.028846153846153848 0.053613053613053616
1 0.5432692307692307 0.31934731934731936 0.025240384615384616 0.04428904428904429
1 0.3629807692307692 0.31934731934731936 0.028846153846153848 0.05128205128205128
1 0.7223557692307693 0.32167832167832167 0.03365384615384615 0.06060606060606061
1 0.5084134615384616 0.32867132867132864 0.036057692307692304 0.06293706293706294
1 0.33052884615384615 0.331002331002331 0.03485576923076923 0.06526806526806526
1 0.6165865384615384 0.3356643356643357 0.038461538461538464 0.06526806526806526
1 0.5721153846153846 0.34265734265734266 0.03365384615384615 0.06293706293706294
1 0.421875 0.34498834498834496 0.028846153846153848 0.05128205128205128
1 0.6670673076923077 0.34498834498834496 0.03365384615384615 0.05128205128205128
1 0.7836538461538461 0.3473193473193473 0.026442307692307692 0.04428904428904429
1 0.47836538461538464 0.3473193473193473 0.028846153846153848 0.055944055944055944
1 0.7475961538461539 0.3543123543123543 0.027644230769230768 0.055944055944055944
1 0.3870192307692308 0.358974358974359 0.027644230769230768 0.06060606060606061
1 0.8137019230769231 0.358974358974359 0.02283653846153846 0.055944055944055944
1 0.6995192307692307 0.36596736596736595 0.036057692307692304 0.06993006993006994
1 0.6430288461538461 0.3776223776223776 0.03125 0.06293706293706294
1 0.5324519230769231 0.37995337995337997 0.036057692307692304 0.0675990675990676
1 0.3557692307692308 0.37995337995337997 0.028846153846153848 0.05827505827505827
1 0.3088942307692308 0.38694638694638694 0.03365384615384615 0.055944055944055944
1 0.4951923076923077 0.38694638694638694 0.026442307692307692 0.05128205128205128
1 0.5949519230769231 0.38694638694638694 0.027644230769230768 0.046620046620046623
1 0.46634615384615385 0.38927738927738925 0.025240384615384616 0.04895104895104895
1 0.5600961538461539 0.3939393939393939 0.03365384615384615 0.053613053613053616
1 0.4050480769230769 0.3939393939393939 0.030048076923076924 0.06060606060606061
1 0.7752403846153846 0.3986013986013986 0.039663461538461536 0.06060606060606061
1 0.8425480769230769 0.3986013986013986 0.028846153846153848 0.0675990675990676
1 0.4411057692307692 0.40326340326340326 0.026442307692307692 0.05128205128205128
1 0.7319711538461539 0.40326340326340326 0.026442307692307692 0.04195804195804196
2 0.5324519230769231 0.40559440559440557 0.7872596153846154 0.7575757575757576
1 0.6346153846153846 0.039627039627039624 0.028846153846153848 0.055944055944055944
1 0.671875 0.4149184149184149 0.03365384615384615 0.06526806526806526
1 0.8125 0.4149184149184149 0.028846153846153848 0.05128205128205128
1 0.6213942307692307 0.4195804195804196 0.038461538461538464 0.07459207459207459
1 0.27524038461538464 0.4195804195804196 0.026442307692307692 0.053613053613053616
1 0.7067307692307693 0.42424242424242425 0.028846153846153848 0.055944055944055944
1 0.33533653846153844 0.42657342657342656 0.027644230769230768 0.055944055944055944
1 0.5168269230769231 0.4289044289044289 0.028846153846153848 0.06526806526806526
1 0.3762019230769231 0.4289044289044289 0.02283653846153846 0.053613053613053616
1 0.7524038461538461 0.43123543123543123 0.02403846153846154 0.04895104895104895
1 0.29447115384615385 0.43356643356643354 0.021634615384615384 0.06060606060606061
1 0.5480769230769231 0.4382284382284382 0.030048076923076924 0.046620046620046623
1 0.24639423076923078 0.4428904428904429 0.03125 0.06060606060606061
1 0.5841346153846154 0.4428904428904429 0.036057692307692304 0.07226107226107226
1 0.46033653846153844 0.44755244755244755 0.03245192307692308 0.06060606060606061
1 0.4026442307692308 0.4568764568764569 0.028846153846153848 0.0675990675990676
1 0.8521634615384616 0.46386946386946387 0.036057692307692304 0.06526806526806526
1 0.6850961538461539 0.46386946386946387 0.028846153846153848 0.055944055944055944
1 0.7283653846153846 0.4662004662004662 0.03485576923076923 0.0675990675990676
1 0.4338942307692308 0.4662004662004662 0.02403846153846154 0.04428904428904429
1 0.49158653846153844 0.4662004662004662 0.028846153846153848 0.06526806526806526
1 0.27283653846153844 0.46853146853146854 0.02403846153846154 0.06060606060606061
1 0.7800480769230769 0.47086247086247085 0.03485576923076923 0.0675990675990676
1 0.6526442307692307 0.4731934731934732 0.036057692307692304 0.055944055944055944
1 0.8149038461538461 0.4755244755244755 0.028846153846153848 0.06526806526806526
1 0.34975961538461536 0.4755244755244755 0.03125 0.055944055944055944
1 0.31490384615384615 0.4755244755244755 0.026442307692307692 0.055944055944055944
1 0.22235576923076922 0.47785547785547783 0.02403846153846154 0.05128205128205128
1 0.6153846153846154 0.48484848484848486 0.027644230769230768 0.053613053613053616
1 0.5204326923076923 0.48484848484848486 0.026442307692307692 0.05128205128205128
1 0.25 0.4965034965034965 0.03125 0.06060606060606061
1 0.5576923076923077 0.5034965034965035 0.037259615384615384 0.0675990675990676
1 0.7043269230769231 0.5058275058275058 0.026442307692307692 0.04428904428904429
1 0.7475961538461539 0.5104895104895105 0.03125 0.053613053613053616
1 0.6778846153846154 0.5128205128205128 0.027644230769230768 0.05827505827505827
1 0.38100961538461536 0.5151515151515151 0.042067307692307696 0.08158508158508158
1 0.41947115384615385 0.5151515151515151 0.025240384615384616 0.053613053613053616
1 0.7992788461538461 0.5174825174825175 0.025240384615384616 0.046620046620046623
1 0.875 0.5198135198135199 0.03485576923076923 0.07459207459207459
1 0.5913461538461539 0.5198135198135199 0.036057692307692304 0.06060606060606061
1 0.45913461538461536 0.5198135198135199 0.04807692307692308 0.07226107226107226
1 0.49759615384615385 0.5244755244755245 0.028846153846153848 0.06526806526806526
1 0.21153846153846154 0.5244755244755245 0.028846153846153848 0.04428904428904429
1 0.28125 0.5244755244755245 0.030048076923076924 0.055944055944055944
1 0.8329326923076923 0.5314685314685315 0.037259615384615384 0.08624708624708624
1 0.7788461538461539 0.5314685314685315 0.021634615384615384 0.05128205128205128
1 0.3112980769230769 0.5384615384615384 0.026442307692307692 0.05128205128205128
1 0.3401442307692308 0.5407925407925408 0.03485576923076923 0.08158508158508158
1 0.7247596153846154 0.5431235431235432 0.02403846153846154 0.05128205128205128
1 0.1875 0.5454545454545454 0.028846153846153848 0.06526806526806526
1 0.234375 0.5477855477855478 0.02283653846153846 0.04895104895104895
1 0.6394230769230769 0.5501165501165501 0.039663461538461536 0.08158508158508158
1 0.2620192307692308 0.5501165501165501 0.02283653846153846 0.037296037296037296
1 0.5264423076923077 0.5501165501165501 0.039663461538461536 0.07459207459207459
1 0.5396634615384616 0.055944055944055944 0.03365384615384615 0.06060606060606061
1 0.6935096153846154 0.5617715617715617 0.026442307692307692 0.05128205128205128
1 0.4855769230769231 0.5641025641025641 0.03125 0.046620046620046623
1 0.5649038461538461 0.5641025641025641 0.03125 0.05128205128205128
1 0.6033653846153846 0.5687645687645687 0.03125 0.06060606060606061
1 0.42788461538461536 0.5687645687645687 0.03245192307692308 0.06293706293706294
1 0.6682692307692307 0.5734265734265734 0.02283653846153846 0.055944055944055944
1 0.609375 0.055944055944055944 0.026442307692307692 0.053613053613053616
1 0.3954326923076923 0.578088578088578 0.028846153846153848 0.053613053613053616
1 0.7524038461538461 0.578088578088578 0.04447115384615385 0.06993006993006994
1 0.21033653846153846 0.578088578088578 0.026442307692307692 0.05128205128205128
1 0.3629807692307692 0.5827505827505828 0.025240384615384616 0.04428904428904429
1 0.796875 0.585081585081585 0.04567307692307692 0.07692307692307693
1 0.2920673076923077 0.585081585081585 0.028846153846153848 0.05827505827505827
1 0.3269230769230769 0.585081585081585 0.02283653846153846 0.04895104895104895
1 0.7175480769230769 0.6013986013986014 0.03365384615384615 0.06060606060606061
1 0.8425480769230769 0.6060606060606061 0.03485576923076923 0.06993006993006994
1 0.5432692307692307 0.6083916083916084 0.039663461538461536 0.06293706293706294
1 0.4567307692307692 0.6083916083916084 0.042067307692307696 0.0675990675990676
1 0.2548076923076923 0.6130536130536131 0.027644230769230768 0.04428904428904429
1 0.5060096153846154 0.6153846153846154 0.028846153846153848 0.055944055944055944
1 0.6850961538461539 0.6177156177156177 0.03125 0.055944055944055944
1 0.578125 0.62004662004662 0.036057692307692304 0.07692307692307693
1 0.6550480769230769 0.62004662004662 0.027644230769230768 0.06293706293706294
1 0.8689903846153846 0.62004662004662 0.03485576923076923 0.06293706293706294
1 0.3449519230769231 0.627039627039627 0.03125 0.053613053613053616
1 0.6225961538461539 0.6293706293706294 0.028846153846153848 0.055944055944055944
1 0.3762019230769231 0.6293706293706294 0.030048076923076924 0.05128205128205128
1 0.19951923076923078 0.634032634032634 0.02283653846153846 0.039627039627039624
1 0.3088942307692308 0.6363636363636364 0.026442307692307692 0.04428904428904429
1 0.22956730769230768 0.6363636363636364 0.03125 0.055944055944055944
1 0.28125 0.6386946386946387 0.025240384615384616 0.04895104895104895
1 0.41586538461538464 0.6433566433566433 0.03245192307692308 0.06293706293706294
1 0.48677884615384615 0.6480186480186481 0.02283653846153846 0.05128205128205128
1 0.5793269230769231 0.06526806526806526 0.030048076923076924 0.06993006993006994
1 0.7788461538461539 0.655011655011655 0.027644230769230768 0.055944055944055944
1 0.7427884615384616 0.6573426573426573 0.040865384615384616 0.08391608391608392
1 0.8161057692307693 0.6596736596736597 0.03125 0.06993006993006994
1 0.8822115384615384 0.662004662004662 0.026442307692307692 0.05128205128205128
1 0.5228365384615384 0.6643356643356644 0.04567307692307692 0.05827505827505827
1 0.3293269230769231 0.6713286713286714 0.02283653846153846 0.05128205128205128
1 0.1814903846153846 0.6713286713286714 0.02283653846153846 0.04895104895104895
1 0.6670673076923077 0.6736596736596736 0.036057692307692304 0.06993006993006994
1 0.5564903846153846 0.6736596736596736 0.030048076923076924 0.06060606060606061
1 0.21634615384615385 0.6736596736596736 0.020432692307692308 0.055944055944055944
1 0.5997596153846154 0.6736596736596736 0.040865384615384616 0.09557109557109557
1 0.25600961538461536 0.6736596736596736 0.036057692307692304 0.055944055944055944
1 0.44471153846153844 0.675990675990676 0.03365384615384615 0.06526806526806526
1 0.703125 0.6783216783216783 0.03365384615384615 0.07459207459207459
1 0.6358173076923077 0.6806526806526807 0.03245192307692308 0.053613053613053616
1 0.30288461538461536 0.6853146853146853 0.03245192307692308 0.05128205128205128
1 0.3629807692307692 0.6853146853146853 0.036057692307692304 0.06526806526806526
1 0.39783653846153844 0.6876456876456877 0.026442307692307692 0.055944055944055944
1 0.8521634615384616 0.6876456876456877 0.040865384615384616 0.0675990675990676
1 0.4723557692307692 0.6899766899766899 0.025240384615384616 0.053613053613053616
1 0.4987980769230769 0.6946386946386947 0.02403846153846154 0.053613053613053616
1 0.8966346153846154 0.696969696969697 0.025240384615384616 0.037296037296037296
1 0.7932692307692307 0.696969696969697 0.028846153846153848 0.055944055944055944
1 0.15504807692307693 0.6993006993006993 0.02283653846153846 0.055944055944055944
1 0.19471153846153846 0.7132867132867133 0.02283653846153846 0.04428904428904429
1 0.8305288461538461 0.7156177156177156 0.026442307692307692 0.053613053613053616
1 0.7680288461538461 0.7202797202797203 0.038461538461538464 0.055944055944055944
1 0.234375 0.7202797202797203 0.03365384615384615 0.046620046620046623
1 0.27884615384615385 0.7226107226107226 0.03125 0.05128205128205128
1 0.7259615384615384 0.7226107226107226 0.038461538461538464 0.06060606060606061
1 0.3401442307692308 0.7296037296037297 0.036057692307692304 0.06060606060606061
1 0.6213942307692307 0.7296037296037297 0.026442307692307692 0.05827505827505827
1 0.9110576923076923 0.7342657342657343 0.02283653846153846 0.053613053613053616
1 0.5901442307692307 0.7342657342657343 0.03125 0.055944055944055944
1 0.5288461538461539 0.7342657342657343 0.04927884615384615 0.07459207459207459
1 0.8125 0.7365967365967366 0.028846153846153848 0.05128205128205128
1 0.6923076923076923 0.7365967365967366 0.026442307692307692 0.05128205128205128
1 0.8762019230769231 0.7365967365967366 0.037259615384615384 0.05827505827505827
1 0.421875 0.7365967365967366 0.03485576923076923 0.06993006993006994
1 0.65625 0.7365967365967366 0.03485576923076923 0.07226107226107226
1 0.5625 0.7389277389277389 0.03125 0.055944055944055944
1 0.38822115384615385 0.7412587412587412 0.03245192307692308 0.055944055944055944
1 0.45552884615384615 0.7412587412587412 0.03485576923076923 0.06060606060606061
1 0.8485576923076923 0.7435897435897436 0.026442307692307692 0.030303030303030304
1 0.3016826923076923 0.7482517482517482 0.028846153846153848 0.05128205128205128
1 0.2548076923076923 0.7482517482517482 0.028846153846153848 0.046620046620046623
1 0.6550480769230769 0.07459207459207459 0.02403846153846154 0.039627039627039624
1 0.21514423076923078 0.752913752913753 0.027644230769230768 0.03263403263403263
1 0.171875 0.752913752913753 0.038461538461538464 0.030303030303030304
1 0.49399038461538464 0.7552447552447552 0.037259615384615384 0.04895104895104895
1 0.6286057692307693 0.09324009324009325 0.030048076923076924 0.055944055944055944
1 0.49399038461538464 0.10023310023310024 0.03125 0.055944055944055944
1 0.5600961538461539 0.10722610722610723 0.03125 0.06060606060606061
1 0.6814903846153846 0.10955710955710955 0.026442307692307692 0.04895104895104895
1 0.6021634615384616 0.10955710955710955 0.019230769230769232 0.04428904428904429
1 0.6538461538461539 0.12121212121212122 0.02283653846153846 0.05128205128205128
1 0.5216346153846154 0.13053613053613053 0.03245192307692308 0.06060606060606061
1 0.45552884615384615 0.15151515151515152 0.03365384615384615 0.06293706293706294
1 0.625 0.1561771561771562 0.03125 0.04895104895104895
1 0.6887019230769231 0.16083916083916083 0.03245192307692308 0.06060606060606061
1 0.5444711538461539 0.16317016317016317 0.03125 0.055944055944055944
1 0.5817307692307693 0.1655011655011655 0.03125 0.06293706293706294
1 0.5012019230769231 0.17016317016317017 0.028846153846153848 0.06060606060606061
1 0.6538461538461539 0.18414918414918416 0.026442307692307692 0.053613053613053616
1 0.71875 0.20046620046620048 0.03365384615384615 0.06993006993006994
1 0.5300480769230769 0.20745920745920746 0.02403846153846154 0.05827505827505827
1 0.42788461538461536 0.20745920745920746 0.036057692307692304 0.07459207459207459
1 0.6213942307692307 0.2097902097902098 0.028846153846153848 0.053613053613053616
1 0.47475961538461536 0.21445221445221446 0.030048076923076924 0.055944055944055944
1 0.5612980769230769 0.21678321678321677 0.026442307692307692 0.04895104895104895
1 0.6814903846153846 0.2261072261072261 0.03245192307692308 0.06060606060606061
1 0.59375 0.22843822843822845 0.02403846153846154 0.06060606060606061
1 0.5036057692307693 0.23543123543123542 0.03245192307692308 0.06526806526806526
1 0.6466346153846154 0.2400932400932401 0.028846153846153848 0.06060606060606061
1 0.4050480769230769 0.2564102564102564 0.02403846153846154 0.039627039627039624
1 0.45072115384615385 0.2564102564102564 0.026442307692307692 0.04428904428904429
1 0.7367788461538461 0.2634032634032634 0.020432692307692308 0.05128205128205128
1 0.37259615384615385 0.2680652680652681 0.027644230769230768 0.06293706293706294
1 0.7103365384615384 0.2703962703962704 0.03365384615384615 0.06060606060606061
1 0.5625 0.2703962703962704 0.03245192307692308 0.06293706293706294
1 0.5276442307692307 0.27505827505827507 0.028846153846153848 0.06526806526806526
1 0.6165865384615384 0.27505827505827507 0.03365384615384615 0.05128205128205128
1 0.4807692307692308 0.2773892773892774 0.03125 0.06526806526806526
1 0.6682692307692307 0.27972027972027974 0.02283653846153846 0.05128205128205128
1 0.42427884615384615 0.2867132867132867 0.025240384615384616 0.04895104895104895