1 0.47836538461538464 0.2916666666666667 0.042067307692307696 0.0641025641025641
1 0.7439903846153846 0.2948717948717949 0.03125 0.04487179487179487
1 0.41346153846153844 0.30128205128205127 0.04447115384615385 0.04807692307692308
1 0.8834134615384616 0.3060897435897436 0.030048076923076924 0.04807692307692308
1 0.34615384615384615 0.3076923076923077 0.040865384615384616 0.0625
1 0.20072115384615385 0.3092948717948718 0.02283653846153846 0.027243589743589744
1 0.45072115384615385 0.3092948717948718 0.03245192307692308 0.03205128205128205
1 0.546875 0.3125 0.052884615384615384 0.09134615384615384
1 0.8137019230769231 0.3141025641025641 0.021634615384615384 0.03685897435897436
1 0.6454326923076923 0.3189102564102564 0.039663461538461536 0.052884615384615384
1 0.31490384615384615 0.32051282051282054 0.028846153846153848 0.041666666666666664
1 0.15625 0.32371794871794873 0.038461538461538464 0.046474358974358976
1 0.7728365384615384 0.328525641025641 0.037259615384615384 0.05128205128205128
1 0.6838942307692307 0.33653846153846156 0.03485576923076923 0.038461538461538464
1 0.21995192307692307 0.33814102564102566 0.02283653846153846 0.028846153846153848
1 0.2620192307692308 0.34134615384615385 0.04567307692307692 0.052884615384615384
1 0.1971153846153846 0.34294871794871795 0.02403846153846154 0.035256410256410256
1 0.296875 0.34294871794871795 0.025240384615384616 0.03205128205128205
1 0.10817307692307693 0.3525641025641026 0.056490384615384616 0.07051282051282051
1 0.4567307692307692 0.3541666666666667 0.05048076923076923 0.07051282051282051
1 0.8161057692307693 0.3557692307692308 0.04447115384615385 0.05128205128205128
1 0.8942307692307693 0.3557692307692308 0.039663461538461536 0.052884615384615384
1 0.5036057692307693 0.3605769230769231 0.052884615384615384 0.057692307692307696
1 0.40865384615384615 0.36217948717948717 0.054086538461538464 0.07532051282051282
1 0.5949519230769231 0.36378205128205127 0.04927884615384615 0.0625
1 0.9278846153846154 0.3717948717948718 0.03485576923076923 0.06570512820512821
1 0.22956730769230768 0.375 0.038461538461538464 0.041666666666666664
1 0.6983173076923077 0.3766025641025641 0.037259615384615384 0.041666666666666664
1 0.7475961538461539 0.3766025641025641 0.03365384615384615 0.049679487179487176
1 0.33774038461538464 0.3798076923076923 0.042067307692307696 0.07051282051282051
1 0.1622596153846154 0.3798076923076923 0.036057692307692304 0.04487179487179487
1 0.19230769230769232 0.3894230769230769 0.02283653846153846 0.035256410256410256
1 0.2776442307692308 0.3942307692307692 0.052884615384615384 0.07051282051282051
1 0.6454326923076923 0.3958333333333333 0.057692307692307696 0.07692307692307693
1 0.030048076923076924 0.3974358974358974 0.05048076923076923 0.05608974358974359
1 0.9795673076923077 0.39903846153846156 0.027644230769230768 0.07852564102564102
1 0.5432692307692307 0.39903846153846156 0.042067307692307696 0.06570512820512821
1 0.06971153846153846 0.40705128205128205 0.021634615384615384 0.04326923076923077
1 0.7740384615384616 0.4166666666666667 0.042067307692307696 0.04807692307692308
1 0.375 0.4166666666666667 0.027644230769230768 0.030448717948717948
1 0.8473557692307693 0.4166666666666667 0.026442307692307692 0.03685897435897436
1 0.9423076923076923 0.4182692307692308 0.026442307692307692 0.041666666666666664
1 0.1346153846153846 0.4182692307692308 0.042067307692307696 0.05608974358974359
1 0.43990384615384615 0.4182692307692308 0.036057692307692304 0.05128205128205128
1 0.9098557692307693 0.4198717948717949 0.026442307692307692 0.03685897435897436
1 0.23557692307692307 0.4198717948717949 0.03485576923076923 0.04807692307692308
1 0.7319711538461539 0.4230769230769231 0.026442307692307692 0.030448717948717948
1 0.171875 0.42788461538461536 0.03125 0.04807692307692308
1 0.3401442307692308 0.42948717948717946 0.02283653846153846 0.03205128205128205
1 0.7055288461538461 0.4310897435897436 0.021634615384615384 0.030448717948717948
1 0.49759615384615385 0.4310897435897436 0.05048076923076923 0.07051282051282051
1 0.5913461538461539 0.4310897435897436 0.052884615384615384 0.060897435897435896
1 0.20432692307692307 0.4342948717948718 0.03245192307692308 0.041666666666666664
1 0.025240384615384616 0.4358974358974359 0.027644230769230768 0.03205128205128205
1 0.30528846153846156 0.4375 0.026442307692307692 0.041666666666666664
1 0.0985576923076923 0.4407051282051282 0.042067307692307696 0.05608974358974359
1 0.8858173076923077 0.4423076923076923 0.03485576923076923 0.046474358974358976
1 0.05048076923076923 0.44711538461538464 0.02403846153846154 0.038461538461538464
1 0.6766826923076923 0.44871794871794873 0.04447115384615385 0.05608974358974359
1 0.39302884615384615 0.44871794871794873 0.042067307692307696 0.0641025641025641
1 0.7560096153846154 0.45032051282051283 0.018028846153846152 0.027243589743589744
1 0.2692307692307692 0.4551282051282051 0.03125 0.041666666666666664
1 0.7992788461538461 0.4583333333333333 0.03365384615384615 0.046474358974358976
1 0.5492788461538461 0.46314102564102566 0.04807692307692308 0.0673076923076923
1 0.23557692307692307 0.46955128205128205 0.03485576923076923 0.041666666666666664
1 0.9447115384615384 0.47115384615384615 0.03485576923076923 0.0625
1 0.025240384615384616 0.47115384615384615 0.03365384615384615 0.05448717948717949
1 0.33653846153846156 0.47435897435897434 0.03485576923076923 0.046474358974358976
1 0.140625 0.4775641025641026 0.042067307692307696 0.057692307692307696
1 0.18389423076923078 0.4791666666666667 0.03485576923076923 0.049679487179487176
1 0.46274038461538464 0.4807692307692308 0.04927884615384615 0.06891025641025642
1 0.6213942307692307 0.4807692307692308 0.05048076923076923 0.06891025641025642
1 0.3004807692307692 0.4807692307692308 0.03485576923076923 0.04326923076923077
1 0.0673076923076923 0.4823717948717949 0.036057692307692304 0.05608974358974359
1 0.2608173076923077 0.49038461538461536 0.039663461538461536 0.028846153846153848
1 0.7752403846153846 0.49198717948717946 0.03245192307692308 0.041666666666666664
1 0.5024038461538461 0.4983974358974359 0.03365384615384615 0.05608974358974359
1 0.10817307692307693 0.5 0.046875 0.052884615384615384
1 0.41346153846153844 0.5016025641025641 0.042067307692307696 0.05608974358974359
1 0.8653846153846154 0.5032051282051282 0.04567307692307692 0.05608974358974359
1 0.8149038461538461 0.5032051282051282 0.038461538461538464 0.05128205128205128
1 0.71875 0.5048076923076923 0.051682692307692304 0.06570512820512821
1 0.22355769230769232 0.5064102564102564 0.03125 0.030448717948717948
1 0.3605769230769231 0.5096153846153846 0.04326923076923077 0.05608974358974359
1 0.5805288461538461 0.5112179487179487 0.054086538461538464 0.06891025641025642
1 0.16826923076923078 0.5288461538461539 0.03485576923076923 0.05128205128205128
1 0.037259615384615384 0.5336538461538461 0.05048076923076923 0.060897435897435896
1 0.9254807692307693 0.5352564102564102 0.046875 0.060897435897435896
2 0.5 0.5384615384615384 0.8521634615384616 0.5881410256410257
1 0.31490384615384615 0.5384615384615384 0.05048076923076923 0.06891025641025642
1 0.8425480769230769 0.5400641025641025 0.03485576923076923 0.049679487179487176
1 0.13341346153846154 0.5416666666666666 0.030048076923076924 0.035256410256410256
1 0.25 0.5416666666666666 0.057692307692307696 0.07532051282051282
1 0.47596153846153844 0.5448717948717948 0.046875 0.05608974358974359
1 0.5300480769230769 0.5448717948717948 0.04326923076923077 0.05608974358974359
1 0.20552884615384615 0.5448717948717948 0.03125 0.04006410256410257
1 0.6370192307692307 0.5464743589743589 0.04927884615384615 0.060897435897435896
1 0.08774038461538461 0.5512820512820513 0.027644230769230768 0.05128205128205128
1 0.8774038461538461 0.5544871794871795 0.037259615384615384 0.04807692307692308
1 0.7475961538461539 0.5576923076923077 0.04567307692307692 0.07051282051282051
1 0.39783653846153844 0.5625 0.040865384615384616 0.05608974358974359
1 0.6911057692307693 0.5657051282051282 0.054086538461538464 0.07211538461538461
1 0.22115384615384615 0.5705128205128205 0.039663461538461536 0.05929487179487179
1 0.8305288461538461 0.5705128205128205 0.03485576923076923 0.05128205128205128
1 0.5961538461538461 0.5737179487179487 0.046875 0.05128205128205128
1 0.9579326923076923 0.5769230769230769 0.038461538461538464 0.060897435897435896
1 0.11298076923076923 0.5785256410256411 0.03245192307692308 0.038461538461538464
1 0.8725961538461539 0.5817307692307693 0.036057692307692304 0.038461538461538464
1 0.051682692307692304 0.5865384615384616 0.03125 0.04807692307692308
1 0.33774038461538464 0.5897435897435898 0.05048076923076923 0.060897435897435896
1 0.44350961538461536 0.592948717948718 0.054086538461538464 0.06570512820512821
1 0.29086538461538464 0.592948717948718 0.051682692307692304 0.060897435897435896
1 0.15985576923076922 0.592948717948718 0.06009615384615385 0.0673076923076923
1 0.9110576923076923 0.5977564102564102 0.028846153846153848 0.041666666666666664
1 0.4987980769230769 0.6041666666666666 0.054086538461538464 0.0641025641025641
1 0.09134615384615384 0.6089743589743589 0.025240384615384616 0.030448717948717948
1 0.11658653846153846 0.6153846153846154 0.026442307692307692 0.03365384615384615
1 0.8004807692307693 0.6201923076923077 0.03365384615384615 0.041666666666666664
1 0.39663461538461536 0.6201923076923077 0.040865384615384616 0.05448717948717949
1 0.8605769230769231 0.6201923076923077 0.03245192307692308 0.04326923076923077
1 0.5612980769230769 0.625 0.054086538461538464 0.0673076923076923
1 0.6057692307692307 0.6282051282051282 0.04927884615384615 0.057692307692307696
1 0.6478365384615384 0.6298076923076923 0.04567307692307692 0.05608974358974359
1 0.18990384615384615 0.6298076923076923 0.046875 0.0625
1 0.02283653846153846 0.6314102564102564 0.03125 0.038461538461538464
1 0.8353365384615384 0.6314102564102564 0.025240384615384616 0.03205128205128205
1 0.25240384615384615 0.6330128205128205 0.046875 0.05448717948717949
1 0.052884615384615384 0.6346153846153846 0.03125 0.038461538461538464
1 0.7608173076923077 0.6346153846153846 0.06129807692307692 0.07692307692307693
1 0.15264423076923078 0.6458333333333334 0.03245192307692308 0.03365384615384615
1 0.6947115384615384 0.6474358974358975 0.054086538461538464 0.07692307692307693
0 0.49278846153846156 0.6490384615384616 0.020432692307692308 0.34455128205128205
1 0.9038461538461539 0.6522435897435898 0.03485576923076923 0.06570512820512821
1 0.3425480769230769 0.655448717948718 0.052884615384615384 0.0673076923076923
1 0.2920673076923077 0.655448717948718 0.046875 0.0641025641025641
1 0.4519230769230769 0.657051282051282 0.040865384615384616 0.052884615384615384
1 0.8449519230769231 0.6602564102564102 0.025240384615384616 0.030448717948717948
1 0.09495192307692307 0.6618589743589743 0.042067307692307696 0.05608974358974359
1 0.5192307692307693 0.6682692307692307 0.046875 0.060897435897435896
1 0.24158653846153846 0.6698717948717948 0.042067307692307696 0.04006410256410257
1 0.04567307692307692 0.6778846153846154 0.04567307692307692 0.052884615384615384
1 0.625 0.6842948717948718 0.046875 0.0673076923076923
1 0.5649038461538461 0.6858974358974359 0.04326923076923077 0.05448717948717949
1 0.40625 0.6875 0.052884615384615384 0.0673076923076923
1 0.18629807692307693 0.6987179487179487 0.040865384615384616 0.05448717948717949
1 0.7379807692307693 0.7019230769230769 0.054086538461538464 0.0673076923076923
1 0.13701923076923078 0.7019230769230769 0.042067307692307696 0.057692307692307696
1 0.8353365384615384 0.7035256410256411 0.04447115384615385 0.05929487179487179
1 0.7944711538461539 0.7051282051282052 0.04927884615384615 0.0641025641025641
1 0.6742788461538461 0.7115384615384616 0.04807692307692308 0.0641025641025641
1 0.484375 0.717948717948718 0.04927884615384615 0.07532051282051282
1 0.33653846153846156 0.7211538461538461 0.04326923076923077 0.0625
1 0.28966346153846156 0.7259615384615384 0.055288461538461536 0.0625
1 0.5360576923076923 0.7291666666666666 0.04567307692307692 0.057692307692307696
1 0.5817307692307693 0.7355769230769231 0.04567307692307692 0.07211538461538461
1 0.234375 0.7355769230769231 0.04567307692307692 0.05608974358974359
1 0.09975961538461539 0.7387820512820513 0.046875 0.05929487179487179
1 0.42788461538461536 0.7403846153846154 0.04567307692307692 0.05929487179487179
1 0.17427884615384615 0.7451923076923077 0.038461538461538464 0.049679487179487176
1 0.3786057692307692 0.75 0.046875 0.046474358974358976
1 0.6262019230769231 0.7532051282051282 0.04567307692307692 0.049679487179487176
1 0.7956730769230769 0.7612179487179487 0.040865384615384616 0.04807692307692308
1 0.9002403846153846 0.7628205128205128 0.04807692307692308 0.05608974358974359
1 0.7427884615384616 0.7628205128205128 0.046875 0.052884615384615384
1 0.6947115384615384 0.7644230769230769 0.046875 0.046474358974358976
1 0.8473557692307693 0.7660256410256411 0.04447115384615385 0.041666666666666664
1 0.3004807692307692 0.7788461538461539 0.03485576923076923 0.05608974358974359
1 0.3425480769230769 0.780448717948718 0.037259615384615384 0.049679487179487176
1 0.5516826923076923 0.782051282051282 0.039663461538461536 0.04006410256410257
1 0.20793269230769232 0.7852564102564102 0.040865384615384616 0.057692307692307696
1 0.4951923076923077 0.7884615384615384 0.04326923076923077 0.04326923076923077
1 0.25600961538461536 0.7932692307692307 0.046875 0.060897435897435896
1 0.1502403846153846 0.7932692307692307 0.04447115384615385 0.0625
1 0.10096153846153846 0.7980769230769231 0.04927884615384615 0.060897435897435896
1 0.25841346153846156 0.27724358974358976 0.04927884615384615 0.06570512820512821
1 0.6045673076923077 0.28044871794871795 0.057692307692307696 0.07051282051282051
1 0.7007211538461539 0.28685897435897434 0.04447115384615385 0.0641025641025641