1 0.078125 0.6362179487179487 0.052884615384615384 0.07532051282051282
1 0.140625 0.6442307692307693 0.055288461538461536 0.07532051282051282
1 0.109375 0.5673076923076923 0.056490384615384616 0.07051282051282051
1 0.1346153846153846 0.4983974358974359 0.06971153846153846 0.08814102564102565
1 0.1814903846153846 0.5833333333333334 0.0673076923076923 0.09134615384615384
1 0.2439903846153846 0.6458333333333334 0.078125 0.09455128205128205
1 0.2403846153846154 0.5592948717948718 0.054086538461538464 0.07532051282051282
1 0.1971153846153846 0.5080128205128205 0.051682692307692304 0.08493589743589744
1 0.25240384615384615 0.49198717948717946 0.056490384615384616 0.07211538461538461
1 0.2536057692307692 0.3926282051282051 0.08052884615384616 0.10416666666666667
1 0.3076923076923077 0.5128205128205128 0.054086538461538464 0.07532051282051282
1 0.30288461538461536 0.5977564102564102 0.06490384615384616 0.08493589743589744
1 0.3545673076923077 0.6522435897435898 0.07211538461538461 0.08814102564102565
1 0.32572115384615385 0.4310897435897436 0.08052884615384616 0.10576923076923077
1 0.4074519230769231 0.4423076923076923 0.08052884615384616 0.11217948717948718
1 0.3918269230769231 0.5224358974358975 0.04927884615384615 0.05929487179487179
1 0.359375 0.5576923076923077 0.051682692307692304 0.0641025641025641
1 0.4050480769230769 0.5993589743589743 0.06490384615384616 0.08333333333333333
1 0.44711538461538464 0.655448717948718 0.07692307692307693 0.08333333333333333
1 0.4483173076923077 0.5384615384615384 0.05889423076923077 0.08012820512820513
1 0.48677884615384615 0.5913461538461539 0.05889423076923077 0.07852564102564102
1 0.5348557692307693 0.655448717948718 0.08052884615384616 0.09775641025641026
1 0.4807692307692308 0.46794871794871795 0.06610576923076923 0.09134615384615384
1 0.5372596153846154 0.5192307692307693 0.06971153846153846 0.09775641025641026
1 0.5769230769230769 0.594551282051282 0.0625 0.09294871794871795
1 0.6117788461538461 0.6618589743589743 0.07211538461538461 0.08653846153846154
1 0.49278846153846156 0.38301282051282054 0.054086538461538464 0.08012820512820513
1 0.5384615384615384 0.4358974358974359 0.055288461538461536 0.08173076923076923
1 0.5901442307692307 0.48717948717948717 0.06009615384615385 0.08653846153846154
1 0.6346153846153846 0.5400641025641025 0.0625 0.07211538461538461
1 0.65625 0.6073717948717948 0.05048076923076923 0.0641025641025641
1 0.6802884615384616 0.6650641025641025 0.06370192307692307 0.08012820512820513
1 0.5925480769230769 0.40544871794871795 0.056490384615384616 0.07532051282051282
1 0.640625 0.44871794871794873 0.06490384615384616 0.07852564102564102
1 0.6995192307692307 0.5096153846153846 0.09014423076923077 0.11057692307692307
1 0.7331730769230769 0.6105769230769231 0.07451923076923077 0.08974358974358974
1 0.7728365384615384 0.6746794871794872 0.06850961538461539 0.07211538461538461
1 0.6346153846153846 0.375 0.052884615384615384 0.06891025641025642
1 0.6923076923076923 0.3926282051282051 0.0625 0.08333333333333333
1 0.7355769230769231 0.42788461538461536 0.054086538461538464 0.07532051282051282
1 0.7716346153846154 0.5368589743589743 0.056490384615384616 0.07692307692307693
1 0.8161057692307693 0.5993589743589743 0.06610576923076923 0.08653846153846154
1 0.8605769230769231 0.6730769230769231 0.0673076923076923 0.08814102564102565
1 0.796875 0.4599358974358974 0.07091346153846154 0.08653846153846154
1 0.8509615384615384 0.5224358974358975 0.06490384615384616 0.08173076923076923
1 0.8810096153846154 0.594551282051282 0.06370192307692307 0.08493589743589744
1 0.9338942307692307 0.6522435897435898 0.078125 0.10576923076923077
1 0.6033653846153846 0.5785256410256411 0.010817307692307692 0.22435897435897437
1 0.5132211538461539 0.5144230769230769 0.9507211538461539 0.42788461538461536