1 0.5709134615384616 0.3076923076923077 0.03485576923076923 0.049679487179487176
1 0.6213942307692307 0.3125 0.04807692307692308 0.05608974358974359
1 0.6694711538461539 0.3157051282051282 0.037259615384615384 0.046474358974358976
1 0.4567307692307692 0.32051282051282054 0.039663461538461536 0.060897435897435896
1 0.5420673076923077 0.33814102564102566 0.040865384615384616 0.0641025641025641
1 0.4987980769230769 0.33974358974358976 0.04807692307692308 0.0641025641025641
1 0.7163461538461539 0.34134615384615385 0.04326923076923077 0.057692307692307696
1 0.40625 0.34935897435897434 0.057692307692307696 0.07371794871794872
1 0.6394230769230769 0.3557692307692308 0.036057692307692304 0.052884615384615384
1 0.5877403846153846 0.358974358974359 0.038461538461538464 0.046474358974358976
1 0.6790865384615384 0.36698717948717946 0.04447115384615385 0.052884615384615384
1 0.45072115384615385 0.38461538461538464 0.055288461538461536 0.07371794871794872
1 0.5120192307692307 0.3894230769230769 0.03245192307692308 0.046474358974358976
1 0.7355769230769231 0.3894230769230769 0.046875 0.05448717948717949
1 0.38341346153846156 0.40705128205128205 0.04567307692307692 0.05608974358974359
1 0.5552884615384616 0.40865384615384615 0.046875 0.060897435897435896
1 0.5973557692307693 0.40865384615384615 0.036057692307692304 0.04487179487179487
1 0.6959134615384616 0.4150641025641026 0.040865384615384616 0.052884615384615384
1 0.6430288461538461 0.4198717948717949 0.051682692307692304 0.07532051282051282
1 0.7704326923076923 0.42948717948717946 0.04807692307692308 0.057692307692307696
1 0.4855769230769231 0.4375 0.055288461538461536 0.0625
1 0.34375 0.4407051282051282 0.046875 0.0625
1 0.43149038461538464 0.4423076923076923 0.040865384615384616 0.05608974358974359
1 0.5348557692307693 0.4519230769230769 0.052884615384615384 0.052884615384615384
1 0.29927884615384615 0.4599358974358974 0.04807692307692308 0.05929487179487179
1 0.3918269230769231 0.46153846153846156 0.04927884615384615 0.05448717948717949
1 0.7295673076923077 0.46314102564102566 0.042067307692307696 0.07371794871794872
1 0.5805288461538461 0.46794871794871795 0.04927884615384615 0.05929487179487179
1 0.6286057692307693 0.47596153846153844 0.04447115384615385 0.04807692307692308
1 0.6826923076923077 0.4791666666666667 0.04326923076923077 0.052884615384615384
1 0.7896634615384616 0.4807692307692308 0.04326923076923077 0.05448717948717949
1 0.4543269230769231 0.48878205128205127 0.052884615384615384 0.0625
1 0.5 0.4951923076923077 0.052884615384615384 0.0673076923076923
1 0.25961538461538464 0.4951923076923077 0.0625 0.07692307692307693
1 0.3581730769230769 0.4967948717948718 0.038461538461538464 0.049679487179487176
1 0.31971153846153844 0.5064102564102564 0.03485576923076923 0.049679487179487176
1 0.5492788461538461 0.5096153846153846 0.036057692307692304 0.04807692307692308
1 0.75 0.5096153846153846 0.04447115384615385 0.060897435897435896
1 0.4170673076923077 0.5096153846153846 0.039663461538461536 0.05448717948717949
1 0.5985576923076923 0.5112179487179487 0.040865384615384616 0.05128205128205128
1 0.7067307692307693 0.5176282051282052 0.039663461538461536 0.04326923076923077
2 0.4879807692307692 0.5256410256410257 0.8966346153846154 0.5176282051282052
1 0.6502403846153846 0.532051282051282 0.052884615384615384 0.0673076923076923
1 0.8064903846153846 0.532051282051282 0.039663461538461536 0.052884615384615384
1 0.3713942307692308 0.5400641025641025 0.04326923076923077 0.046474358974358976
1 0.5228365384615384 0.5464743589743589 0.04326923076923077 0.05448717948717949
1 0.7668269230769231 0.5512820512820513 0.039663461538461536 0.05128205128205128
1 0.21514423076923078 0.5512820512820513 0.04567307692307692 0.0641025641025641
1 0.4723557692307692 0.5560897435897436 0.04927884615384615 0.06891025641025642
1 0.4266826923076923 0.5592948717948718 0.037259615384615384 0.057692307692307696
1 0.7331730769230769 0.5592948717948718 0.03485576923076923 0.05608974358974359
1 0.31971153846153844 0.5705128205128205 0.06370192307692307 0.07532051282051282
1 0.2644230769230769 0.5721153846153846 0.05048076923076923 0.06570512820512821
1 0.5697115384615384 0.5833333333333334 0.07692307692307693 0.08814102564102565
1 0.625 0.5833333333333334 0.042067307692307696 0.049679487179487176
1 0.6923076923076923 0.5849358974358975 0.056490384615384616 0.08493589743589744
1 0.5072115384615384 0.5897435897435898 0.037259615384615384 0.04807692307692308
1 0.3798076923076923 0.5961538461538461 0.046875 0.0673076923076923
1 0.8076923076923077 0.5993589743589743 0.055288461538461536 0.07532051282051282
1 0.44711538461538464 0.6009615384615384 0.042067307692307696 0.052884615384615384
1 0.7584134615384616 0.6089743589743589 0.06971153846153846 0.07692307692307693
1 0.20432692307692307 0.6153846153846154 0.05048076923076923 0.060897435897435896
1 0.34134615384615385 0.6282051282051282 0.04567307692307692 0.0625
1 0.24639423076923078 0.6298076923076923 0.042067307692307696 0.0641025641025641
1 0.2920673076923077 0.6330128205128205 0.046875 0.057692307692307696
1 0.6081730769230769 0.6346153846153846 0.04807692307692308 0.06891025641025642
1 0.65625 0.6346153846153846 0.04447115384615385 0.05929487179487179
1 0.7163461538461539 0.6394230769230769 0.046875 0.04807692307692308
1 0.4795673076923077 0.6394230769230769 0.04807692307692308 0.060897435897435896
1 0.4026442307692308 0.6410256410256411 0.039663461538461536 0.049679487179487176
0 0.5144230769230769 0.6410256410256411 0.007211538461538462 0.24519230769230768
1 0.1658653846153846 0.6474358974358975 0.052884615384615384 0.0673076923076923
1 0.4387019230769231 0.6490384615384616 0.039663461538461536 0.0625
0 0.47836538461538464 0.655448717948718 0.013221153846153846 0.20833333333333334
1 0.5276442307692307 0.657051282051282 0.06009615384615385 0.09134615384615384
1 0.7884615384615384 0.657051282051282 0.040865384615384616 0.052884615384615384
1 0.8353365384615384 0.6650641025641025 0.055288461538461536 0.07692307692307693
1 0.5817307692307693 0.6778846153846154 0.04567307692307692 0.0641025641025641
1 0.3701923076923077 0.6794871794871795 0.052884615384615384 0.07692307692307693
1 0.7415865384615384 0.6810897435897436 0.051682692307692304 0.06891025641025642
1 0.21995192307692307 0.6826923076923077 0.052884615384615384 0.07211538461538461
1 0.6875 0.6842948717948718 0.051682692307692304 0.07692307692307693
1 0.6358173076923077 0.6891025641025641 0.04326923076923077 0.052884615384615384
1 0.32211538461538464 0.6891025641025641 0.051682692307692304 0.06570512820512821
1 0.4170673076923077 0.6939102564102564 0.03485576923076923 0.05448717948717949
1 0.27403846153846156 0.6939102564102564 0.051682692307692304 0.0673076923076923
1 0.45913461538461536 0.7003205128205128 0.042067307692307696 0.052884615384615384
1 0.16346153846153846 0.7067307692307693 0.04927884615384615 0.04487179487179487
1 0.8846153846153846 0.7083333333333334 0.08413461538461539 0.11057692307692307
1 0.11778846153846154 0.7099358974358975 0.04326923076923077 0.057692307692307696
1 0.7872596153846154 0.7131410256410257 0.040865384615384616 0.060897435897435896
1 0.4987980769230769 0.7243589743589743 0.051682692307692304 0.06891025641025642
1 0.06850961538461539 0.7259615384615384 0.052884615384615384 0.07692307692307693
1 0.6021634615384616 0.7307692307692307 0.051682692307692304 0.060897435897435896
1 0.7091346153846154 0.7339743589743589 0.06009615384615385 0.0625
1 0.3449519230769231 0.7355769230769231 0.04927884615384615 0.046474358974358976
1 0.6586538461538461 0.7355769230769231 0.054086538461538464 0.05608974358974359
1 0.546875 0.7371794871794872 0.04326923076923077 0.05608974358974359
1 0.4026442307692308 0.7387820512820513 0.039663461538461536 0.04006410256410257
1 0.45072115384615385 0.7419871794871795 0.038461538461538464 0.038461538461538464
1 0.19951923076923078 0.7435897435897436 0.052884615384615384 0.052884615384615384
1 0.14302884615384615 0.7451923076923077 0.03245192307692308 0.04326923076923077
1 0.24879807692307693 0.7451923076923077 0.054086538461538464 0.04487179487179487
1 0.8149038461538461 0.7467948717948718 0.04807692307692308 0.046474358974358976
1 0.7668269230769231 0.7467948717948718 0.03245192307692308 0.03685897435897436
1 0.296875 0.7483974358974359 0.04326923076923077 0.04326923076923077