1 0.10697115384615384 0.8863636363636364 0.03245192307692308 0.08441558441558442
1 0.1310096153846154 0.827922077922078 0.03485576923076923 0.08766233766233766
1 0.15865384615384615 0.7727272727272727 0.030048076923076924 0.08441558441558442
1 0.1658653846153846 0.8571428571428571 0.03485576923076923 0.08766233766233766
1 0.1778846153846154 0.7175324675324676 0.026442307692307692 0.08116883116883117
1 0.18990384615384615 0.7987012987012987 0.03125 0.08441558441558442
1 0.203125 0.8668831168831169 0.03365384615384615 0.09090909090909091
1 0.19831730769230768 0.6558441558441559 0.025240384615384616 0.07467532467532467
1 0.21153846153846154 0.7272727272727273 0.03245192307692308 0.08116883116883117
1 0.22355769230769232 0.7954545454545454 0.030048076923076924 0.08116883116883117
1 0.24639423076923078 0.8506493506493507 0.030048076923076924 0.08441558441558442
1 0.2247596153846154 0.6525974025974026 0.02403846153846154 0.06168831168831169
1 0.2403846153846154 0.7435064935064936 0.02403846153846154 0.06818181818181818
1 0.2644230769230769 0.788961038961039 0.027644230769230768 0.07792207792207792
1 0.2824519230769231 0.8766233766233766 0.042067307692307696 0.1038961038961039
1 0.23677884615384615 0.6038961038961039 0.025240384615384616 0.06818181818181818
1 0.25 0.6883116883116883 0.027644230769230768 0.06818181818181818
1 0.27403846153846156 0.724025974025974 0.02403846153846154 0.06168831168831169
1 0.28966346153846156 0.7694805194805194 0.02403846153846154 0.06818181818181818
1 0.3076923076923077 0.8181818181818182 0.026442307692307692 0.07142857142857142
1 0.3293269230769231 0.8668831168831169 0.036057692307692304 0.1038961038961039
1 0.2620192307692308 0.6103896103896104 0.025240384615384616 0.06493506493506493
1 0.27884615384615385 0.6525974025974026 0.027644230769230768 0.07142857142857142
1 0.2980769230769231 0.7012987012987013 0.028846153846153848 0.08441558441558442
1 0.3233173076923077 0.7532467532467533 0.03365384615384615 0.09415584415584416
1 0.3449519230769231 0.7987012987012987 0.028846153846153848 0.07142857142857142
1 0.3629807692307692 0.8571428571428571 0.028846153846153848 0.07467532467532467
1 0.2692307692307692 0.538961038961039 0.03125 0.08441558441558442
1 0.29086538461538464 0.5876623376623377 0.028846153846153848 0.08116883116883117
1 0.31009615384615385 0.6331168831168831 0.028846153846153848 0.07142857142857142
1 0.3317307692307692 0.6785714285714286 0.028846153846153848 0.06818181818181818
1 0.35336538461538464 0.7337662337662337 0.026442307692307692 0.06818181818181818
1 0.3737980769230769 0.7857142857142857 0.02403846153846154 0.08116883116883117
1 0.39302884615384615 0.8474025974025974 0.027644230769230768 0.07467532467532467
1 0.3004807692307692 0.5 0.036057692307692304 0.09415584415584416
1 0.3233173076923077 0.564935064935065 0.03365384615384615 0.08116883116883117
1 0.34975961538461536 0.6233766233766234 0.03245192307692308 0.08766233766233766
1 0.3762019230769231 0.672077922077922 0.036057692307692304 0.09740259740259741
1 0.4014423076923077 0.7727272727272727 0.030048076923076924 0.07142857142857142
1 0.41947115384615385 0.8246753246753247 0.025240384615384616 0.07467532467532467
1 0.32211538461538464 0.4253246753246753 0.030048076923076924 0.07792207792207792
1 0.33653846153846156 0.4902597402597403 0.027644230769230768 0.07142857142857142
1 0.34975961538461536 0.5422077922077922 0.025240384615384616 0.06493506493506493
1 0.37259615384615385 0.5746753246753247 0.025240384615384616 0.06818181818181818
1 0.39903846153846156 0.6071428571428571 0.03485576923076923 0.09090909090909091
1 0.41346153846153844 0.6883116883116883 0.037259615384615384 0.09415584415584416
1 0.4326923076923077 0.7564935064935064 0.03125 0.09090909090909091
1 0.44591346153846156 0.8603896103896104 0.027644230769230768 0.07467532467532467
1 0.3485576923076923 0.4253246753246753 0.02403846153846154 0.06818181818181818
1 0.3641826923076923 0.487012987012987 0.028846153846153848 0.07792207792207792
1 0.39302884615384615 0.5097402597402597 0.03245192307692308 0.09415584415584416
1 0.4230769230769231 0.5551948051948052 0.028846153846153848 0.07467532467532467
1 0.4387019230769231 0.6266233766233766 0.03485576923076923 0.09740259740259741
1 0.453125 0.7077922077922078 0.030048076923076924 0.08441558441558442
1 0.46274038461538464 0.7922077922077922 0.03485576923076923 0.1038961038961039
1 0.47836538461538464 0.8798701298701299 0.037259615384615384 0.10714285714285714
1 0.35216346153846156 0.3538961038961039 0.03245192307692308 0.08116883116883117
1 0.3798076923076923 0.41233766233766234 0.036057692307692304 0.09740259740259741
1 0.38341346153846156 0.3181818181818182 0.036057692307692304 0.09415584415584416
1 0.4110576923076923 0.4025974025974026 0.026442307692307692 0.06493506493506493
1 0.4230769230769231 0.4707792207792208 0.03485576923076923 0.08766233766233766
1 0.453125 0.551948051948052 0.03245192307692308 0.08116883116883117
1 0.47115384615384615 0.6201298701298701 0.03245192307692308 0.08766233766233766
1 0.4891826923076923 0.7272727272727273 0.036057692307692304 0.1038961038961039
1 0.4963942307692308 0.8116883116883117 0.02403846153846154 0.05844155844155844
1 0.5084134615384616 0.8798701298701299 0.02283653846153846 0.06493506493506493
1 0.5204326923076923 0.8214285714285714 0.026442307692307692 0.07792207792207792
1 0.5348557692307693 0.8831168831168831 0.027644230769230768 0.06493506493506493
1 0.41225961538461536 0.262987012987013 0.03245192307692308 0.09415584415584416
1 0.42908653846153844 0.3409090909090909 0.03245192307692308 0.09415584415584416
1 0.4543269230769231 0.37987012987012986 0.026442307692307692 0.07142857142857142
1 0.4543269230769231 0.4577922077922078 0.02403846153846154 0.06818181818181818
1 0.4795673076923077 0.4935064935064935 0.028846153846153848 0.07792207792207792
1 0.49038461538461536 0.5616883116883117 0.030048076923076924 0.08441558441558442
1 0.5024038461538461 0.6396103896103896 0.03245192307692308 0.09090909090909091
1 0.5240384615384616 0.737012987012987 0.030048076923076924 0.09090909090909091
1 0.5540865384615384 0.814935064935065 0.03245192307692308 0.09415584415584416
1 0.5841346153846154 0.8961038961038961 0.038461538461538464 0.09740259740259741
1 0.5204326923076923 0.5714285714285714 0.027644230769230768 0.07792207792207792
1 0.5348557692307693 0.6493506493506493 0.036057692307692304 0.09090909090909091
1 0.5576923076923077 0.724025974025974 0.03125 0.09090909090909091
1 0.5793269230769231 0.7824675324675324 0.027644230769230768 0.08116883116883117
1 0.6033653846153846 0.827922077922078 0.03245192307692308 0.09090909090909091
1 0.625 0.8993506493506493 0.03245192307692308 0.09415584415584416
1 0.4338942307692308 0.2012987012987013 0.030048076923076924 0.08116883116883117
1 0.4495192307692308 0.2857142857142857 0.030048076923076924 0.08116883116883117
1 0.47475961538461536 0.3246753246753247 0.03365384615384615 0.08766233766233766
1 0.4855769230769231 0.4090909090909091 0.03485576923076923 0.08766233766233766
1 0.5120192307692307 0.487012987012987 0.037259615384615384 0.11038961038961038
1 0.5516826923076923 0.577922077922078 0.03365384615384615 0.08441558441558442
1 0.5673076923076923 0.6363636363636364 0.02403846153846154 0.07792207792207792
1 0.5853365384615384 0.6883116883116883 0.026442307692307692 0.08116883116883117
1 0.6069711538461539 0.7467532467532467 0.03125 0.08116883116883117
1 0.6418269230769231 0.8051948051948052 0.036057692307692304 0.09090909090909091
1 0.6574519230769231 0.8928571428571429 0.026442307692307692 0.07467532467532467
1 0.6682692307692307 0.8214285714285714 0.025240384615384616 0.07467532467532467
1 0.6862980769230769 0.8766233766233766 0.030048076923076924 0.07792207792207792
1 0.46033653846153844 0.1590909090909091 0.028846153846153848 0.07792207792207792
1 0.47716346153846156 0.23376623376623376 0.038461538461538464 0.10064935064935066
1 0.5060096153846154 0.2987012987012987 0.03125 0.08441558441558442
1 0.5240384615384616 0.38311688311688313 0.042067307692307696 0.11363636363636363
1 0.5492788461538461 0.4805194805194805 0.03485576923076923 0.1038961038961039
1 0.5793269230769231 0.5292207792207793 0.028846153846153848 0.08441558441558442
1 0.5973557692307693 0.6103896103896104 0.037259615384615384 0.09740259740259741
1 0.6177884615384616 0.6753246753246753 0.03365384615384615 0.08766233766233766
1 0.640625 0.7272727272727273 0.025240384615384616 0.06493506493506493
1 0.4951923076923077 0.14935064935064934 0.03125 0.08766233766233766
1 0.5192307692307693 0.2077922077922078 0.036057692307692304 0.09740259740259741
1 0.546875 0.3181818181818182 0.028846153846153848 0.08116883116883117
1 0.5576923076923077 0.38311688311688313 0.02403846153846154 0.07792207792207792
1 0.5757211538461539 0.4383116883116883 0.03125 0.08116883116883117
1 0.6045673076923077 0.474025974025974 0.03125 0.08766233766233766
1 0.6225961538461539 0.5454545454545454 0.038461538461538464 0.1038961038961039
1 0.6490384615384616 0.6266233766233766 0.040865384615384616 0.1038961038961039
1 0.6694711538461539 0.698051948051948 0.03365384615384615 0.09415584415584416
1 0.6911057692307693 0.775974025974026 0.03125 0.08441558441558442
1 0.7067307692307693 0.827922077922078 0.025240384615384616 0.07467532467532467
1 0.7151442307692307 0.8863636363636364 0.025240384615384616 0.06818181818181818
1 0.7415865384615384 0.8993506493506493 0.02283653846153846 0.06168831168831169
1 0.7331730769230769 0.8409090909090909 0.02403846153846154 0.06168831168831169
1 0.5456730769230769 0.1331168831168831 0.039663461538461536 0.10064935064935066
1 0.5625 0.23376623376623376 0.037259615384615384 0.09090909090909091
1 0.5733173076923077 0.31493506493506496 0.028846153846153848 0.08441558441558442
1 0.5973557692307693 0.37012987012987014 0.03245192307692308 0.08441558441558442
1 0.6213942307692307 0.4155844155844156 0.028846153846153848 0.07142857142857142
1 0.6430288461538461 0.4642857142857143 0.03245192307692308 0.08766233766233766
1 0.6634615384615384 0.5357142857142857 0.042067307692307696 0.10064935064935066
1 0.6838942307692307 0.6136363636363636 0.03485576923076923 0.08766233766233766
1 0.703125 0.6883116883116883 0.04326923076923077 0.09740259740259741
1 0.7259615384615384 0.7662337662337663 0.03365384615384615 0.08766233766233766
1 0.7572115384615384 0.8311688311688312 0.026442307692307692 0.07467532467532467
1 0.7704326923076923 0.8863636363636364 0.030048076923076924 0.07142857142857142
1 0.6033653846153846 0.288961038961039 0.03245192307692308 0.08766233766233766
1 0.6225961538461539 0.35064935064935066 0.025240384615384616 0.07142857142857142
1 0.6550480769230769 0.36363636363636365 0.040865384615384616 0.1038961038961039
1 0.671875 0.4383116883116883 0.026442307692307692 0.07467532467532467
1 0.6959134615384616 0.4805194805194805 0.03245192307692308 0.08441558441558442
1 0.7127403846153846 0.5616883116883117 0.037259615384615384 0.11038961038961038
1 0.7355769230769231 0.6428571428571429 0.038461538461538464 0.09415584415584416
1 0.7620192307692307 0.737012987012987 0.046875 0.14285714285714285
1 0.7908653846153846 0.814935064935065 0.037259615384615384 0.1038961038961039
1 0.8076923076923077 0.9025974025974026 0.03485576923076923 0.09090909090909091
1 0.7680288461538461 0.6201298701298701 0.03245192307692308 0.08441558441558442
1 0.7944711538461539 0.6558441558441559 0.03125 0.08116883116883117
1 0.8028846153846154 0.7272727272727273 0.028846153846153848 0.06818181818181818
1 0.8197115384615384 0.7792207792207793 0.030048076923076924 0.07792207792207792
1 0.8329326923076923 0.8506493506493507 0.03365384615384615 0.08116883116883117
1 0.8521634615384616 0.9025974025974026 0.027644230769230768 0.05844155844155844
1 0.8317307692307693 0.711038961038961 0.03245192307692308 0.08441558441558442
1 0.8509615384615384 0.7662337662337663 0.030048076923076924 0.07467532467532467
1 0.8665865384615384 0.8409090909090909 0.03125 0.09415584415584416
1 0.8846153846153846 0.8928571428571429 0.025240384615384616 0.06168831168831169
1 0.8966346153846154 0.8409090909090909 0.026442307692307692 0.07467532467532467
1 0.9134615384615384 0.8636363636363636 0.02283653846153846 0.06818181818181818
1 0.578125 0.6655844155844156 0.010817307692307692 0.3246753246753247
1 0.5096153846153846 0.512987012987013 0.8449519230769231 0.8993506493506493