1 0.037259615384615384 0.7419871794871795 0.03125 0.027243589743589744
1 0.05889423076923077 0.7163461538461539 0.026442307692307692 0.035256410256410256
1 0.07932692307692307 0.6875 0.030048076923076924 0.03365384615384615
1 0.09375 0.6490384615384616 0.03245192307692308 0.04006410256410257
1 0.12259615384615384 0.6314102564102564 0.028846153846153848 0.038461538461538464
1 0.140625 0.6009615384615384 0.026442307692307692 0.03365384615384615
1 0.171875 0.5865384615384616 0.028846153846153848 0.035256410256410256
1 0.18870192307692307 0.5560897435897436 0.026442307692307692 0.03685897435897436
1 0.22716346153846154 0.5256410256410257 0.027644230769230768 0.03365384615384615
1 0.25600961538461536 0.5192307692307693 0.026442307692307692 0.030448717948717948
1 0.27403846153846156 0.48717948717948717 0.03245192307692308 0.04006410256410257
1 0.30649038461538464 0.4823717948717949 0.027644230769230768 0.03685897435897436
1 0.31850961538461536 0.4407051282051282 0.028846153846153848 0.03685897435897436
1 0.34615384615384615 0.42948717948717946 0.026442307692307692 0.035256410256410256
1 0.3737980769230769 0.4230769230769231 0.027644230769230768 0.041666666666666664
1 0.078125 0.7387820512820513 0.03365384615384615 0.030448717948717948
1 0.09495192307692307 0.7099358974358975 0.03245192307692308 0.035256410256410256
1 0.11778846153846154 0.6762820512820513 0.036057692307692304 0.04326923076923077
1 0.14302884615384615 0.655448717948718 0.03245192307692308 0.04326923076923077
1 0.16105769230769232 0.6233974358974359 0.030048076923076924 0.03365384615384615
1 0.20673076923076922 0.5913461538461539 0.03125 0.03205128205128205
1 0.21875 0.5657051282051282 0.03125 0.03365384615384615
1 0.25240384615384615 0.5576923076923077 0.03365384615384615 0.04487179487179487
1 0.2848557692307692 0.5496794871794872 0.030048076923076924 0.035256410256410256
1 0.2932692307692308 0.5144230769230769 0.026442307692307692 0.028846153846153848
1 0.31971153846153844 0.5112179487179487 0.030048076923076924 0.035256410256410256
1 0.3389423076923077 0.47275641025641024 0.030048076923076924 0.038461538461538464
1 0.359375 0.4583333333333333 0.03125 0.038461538461538464
1 0.1141826923076923 0.7403846153846154 0.026442307692307692 0.02403846153846154
1 0.13341346153846154 0.7099358974358975 0.03245192307692308 0.035256410256410256
1 0.15625 0.6875 0.030048076923076924 0.03685897435897436
1 0.1778846153846154 0.657051282051282 0.03125 0.03685897435897436
1 0.19230769230769232 0.6217948717948718 0.030048076923076924 0.038461538461538464
1 0.23677884615384615 0.5897435897435898 0.02403846153846154 0.03205128205128205
1 0.26802884615384615 0.5897435897435898 0.03125 0.035256410256410256
1 0.31490384615384615 0.5480769230769231 0.027644230769230768 0.03685897435897436
1 0.3425480769230769 0.5448717948717948 0.027644230769230768 0.03685897435897436
1 0.3581730769230769 0.5032051282051282 0.03125 0.04006410256410257
1 0.3870192307692308 0.4855769230769231 0.030048076923076924 0.035256410256410256
1 0.3954326923076923 0.453525641025641 0.026442307692307692 0.03365384615384615
1 0.14302884615384615 0.7435897435897436 0.028846153846153848 0.02564102564102564
1 0.16947115384615385 0.7227564102564102 0.028846153846153848 0.04006410256410257
1 0.1875 0.6907051282051282 0.030048076923076924 0.038461538461538464
1 0.2091346153846154 0.655448717948718 0.026442307692307692 0.035256410256410256
1 0.21754807692307693 0.6233974358974359 0.02403846153846154 0.030448717948717948
1 0.24879807692307693 0.6217948717948718 0.030048076923076924 0.035256410256410256
1 0.3004807692307692 0.5817307692307693 0.03125 0.04006410256410257
1 0.33052884615384615 0.5801282051282052 0.030048076923076924 0.038461538461538464
1 0.37259615384615385 0.5384615384615384 0.027644230769230768 0.03205128205128205
1 0.390625 0.5176282051282052 0.026442307692307692 0.03205128205128205
1 0.42427884615384615 0.46153846153846156 0.02283653846153846 0.03205128205128205
1 0.41466346153846156 0.4983974358974359 0.027644230769230768 0.041666666666666664
1 0.44471153846153844 0.483974358974359 0.02403846153846154 0.035256410256410256
1 0.18269230769230768 0.7467948717948718 0.021634615384615384 0.020833333333333332
1 0.1971153846153846 0.7227564102564102 0.028846153846153848 0.035256410256410256
1 0.21754807692307693 0.6907051282051282 0.03125 0.041666666666666664
1 0.23677884615384615 0.657051282051282 0.027644230769230768 0.03685897435897436
1 0.265625 0.6522435897435898 0.03125 0.035256410256410256
1 0.2848557692307692 0.6217948717948718 0.03125 0.035256410256410256
1 0.31490384615384615 0.6169871794871795 0.02403846153846154 0.03365384615384615
1 0.3389423076923077 0.6105769230769231 0.026442307692307692 0.03365384615384615
1 0.3641826923076923 0.5737179487179487 0.028846153846153848 0.038461538461538464
1 0.30649038461538464 0.6522435897435898 0.027644230769230768 0.030448717948717948
1 0.2860576923076923 0.6762820512820513 0.025240384615384616 0.03365384615384615
1 0.2536057692307692 0.6826923076923077 0.026442307692307692 0.035256410256410256
1 0.23677884615384615 0.719551282051282 0.027644230769230768 0.038461538461538464
1 0.21754807692307693 0.7451923076923077 0.028846153846153848 0.035256410256410256
1 0.25 0.75 0.025240384615384616 0.02564102564102564
1 0.2668269230769231 0.719551282051282 0.030048076923076924 0.04006410256410257
1 0.2956730769230769 0.7147435897435898 0.026442307692307692 0.038461538461538464
1 0.27524038461538464 0.75 0.020432692307692308 0.020833333333333332
1 0.3016826923076923 0.7467948717948718 0.030048076923076924 0.02564102564102564
1 0.32091346153846156 0.6810897435897436 0.030048076923076924 0.04326923076923077
1 0.3317307692307692 0.6474358974358975 0.02403846153846154 0.03205128205128205
1 0.3245192307692308 0.7227564102564102 0.026442307692307692 0.04006410256410257
1 0.34615384615384615 0.6987179487179487 0.025240384615384616 0.035256410256410256
1 0.36658653846153844 0.7259615384615384 0.030048076923076924 0.03685897435897436
1 0.38341346153846156 0.7516025641025641 0.027644230769230768 0.03205128205128205
1 0.35216346153846156 0.6618589743589743 0.025240384615384616 0.035256410256410256
1 0.375 0.6891025641025641 0.027644230769230768 0.035256410256410256
1 0.39663461538461536 0.7131410256410257 0.028846153846153848 0.038461538461538464
1 0.41947115384615385 0.7483974358974359 0.028846153846153848 0.022435897435897436
1 0.36658653846153844 0.6282051282051282 0.02403846153846154 0.03205128205128205
1 0.39302884615384615 0.655448717948718 0.030048076923076924 0.04006410256410257
1 0.41947115384615385 0.6891025641025641 0.028846153846153848 0.038461538461538464
1 0.43509615384615385 0.719551282051282 0.026442307692307692 0.03365384615384615
1 0.4483173076923077 0.7451923076923077 0.027644230769230768 0.02564102564102564
1 0.38221153846153844 0.6009615384615384 0.026442307692307692 0.035256410256410256
1 0.4110576923076923 0.6105769230769231 0.027644230769230768 0.03685897435897436
1 0.4230769230769231 0.6442307692307693 0.027644230769230768 0.038461538461538464
1 0.45072115384615385 0.6842948717948718 0.026442307692307692 0.035256410256410256
1 0.4675480769230769 0.719551282051282 0.027644230769230768 0.038461538461538464
1 0.4795673076923077 0.75 0.02403846153846154 0.022435897435897436
1 0.3954326923076923 0.5705128205128205 0.02403846153846154 0.028846153846153848
1 0.41947115384615385 0.5753205128205128 0.020432692307692308 0.030448717948717948
1 0.4387019230769231 0.592948717948718 0.02403846153846154 0.03365384615384615
1 0.4495192307692308 0.6362179487179487 0.02403846153846154 0.03205128205128205
1 0.4699519230769231 0.655448717948718 0.026442307692307692 0.03365384615384615
1 0.48677884615384615 0.6826923076923077 0.025240384615384616 0.03365384615384615
1 0.4987980769230769 0.7211538461538461 0.03125 0.04326923076923077
1 0.5132211538461539 0.7483974358974359 0.02283653846153846 0.019230769230769232
1 0.4074519230769231 0.5416666666666666 0.02403846153846154 0.03205128205128205
1 0.43028846153846156 0.530448717948718 0.026442307692307692 0.035256410256410256
1 0.45072115384615385 0.5576923076923077 0.027644230769230768 0.03365384615384615
1 0.4651442307692308 0.594551282051282 0.02403846153846154 0.03365384615384615
1 0.47716346153846156 0.6233974358974359 0.026442307692307692 0.035256410256410256
1 0.4987980769230769 0.6490384615384616 0.027644230769230768 0.03685897435897436
1 0.5144230769230769 0.6842948717948718 0.028846153846153848 0.041666666666666664
1 0.5300480769230769 0.719551282051282 0.028846153846153848 0.04006410256410257
1 0.5432692307692307 0.7467948717948718 0.02403846153846154 0.022435897435897436
1 0.45552884615384615 0.5112179487179487 0.025240384615384616 0.035256410256410256
1 0.4795673076923077 0.5657051282051282 0.028846153846153848 0.038461538461538464
1 0.49399038461538464 0.594551282051282 0.027644230769230768 0.035256410256410256
1 0.5204326923076923 0.6233974358974359 0.027644230769230768 0.04326923076923077
1 0.5432692307692307 0.6474358974358975 0.026442307692307692 0.03685897435897436
1 0.5492788461538461 0.6907051282051282 0.030048076923076924 0.04326923076923077
1 0.5637019230769231 0.7339743589743589 0.028846153846153848 0.03685897435897436
1 0.5877403846153846 0.7516025641025641 0.027644230769230768 0.022435897435897436
1 0.4831730769230769 0.4519230769230769 0.026442307692307692 0.030448717948717948
1 0.4807692307692308 0.483974358974359 0.025240384615384616 0.03205128205128205
1 0.4795673076923077 0.5240384615384616 0.028846153846153848 0.035256410256410256
1 0.5072115384615384 0.5480769230769231 0.02403846153846154 0.035256410256410256
1 0.5168269230769231 0.5801282051282052 0.02403846153846154 0.03685897435897436
1 0.5444711538461539 0.594551282051282 0.028846153846153848 0.038461538461538464
1 0.5649038461538461 0.6233974358974359 0.026442307692307692 0.03365384615384615
1 0.5721153846153846 0.657051282051282 0.027644230769230768 0.03685897435897436
1 0.5817307692307693 0.6987179487179487 0.03125 0.041666666666666664
1 0.6045673076923077 0.7259615384615384 0.026442307692307692 0.038461538461538464
1 0.5036057692307693 0.5064102564102564 0.026442307692307692 0.03685897435897436
1 0.53125 0.5496794871794872 0.025240384615384616 0.030448717948717948
1 0.5564903846153846 0.5625 0.021634615384615384 0.03365384615384615
1 0.5733173076923077 0.5849358974358975 0.02403846153846154 0.03205128205128205
1 0.6045673076923077 0.6362179487179487 0.025240384615384616 0.03205128205128205
1 0.5997596153846154 0.6682692307692307 0.025240384615384616 0.038461538461538464
1 0.6225961538461539 0.6971153846153846 0.025240384615384616 0.035256410256410256
1 0.6334134615384616 0.7259615384615384 0.02403846153846154 0.03205128205128205
1 0.6538461538461539 0.7532051282051282 0.02403846153846154 0.027243589743589744
1 0.6237980769230769 0.6602564102564102 0.021634615384615384 0.03205128205128205
1 0.6466346153846154 0.6810897435897436 0.02403846153846154 0.03365384615384615
1 0.6586538461538461 0.719551282051282 0.025240384615384616 0.038461538461538464
1 0.6790865384615384 0.7532051282051282 0.025240384615384616 0.028846153846153848
1 0.5204326923076923 0.4791666666666667 0.026442307692307692 0.03205128205128205
1 0.5300480769230769 0.5112179487179487 0.026442307692307692 0.035256410256410256
1 0.5552884615384616 0.5272435897435898 0.027644230769230768 0.035256410256410256
1 0.5805288461538461 0.5480769230769231 0.025240384615384616 0.035256410256410256
1 0.6021634615384616 0.5961538461538461 0.030048076923076924 0.03685897435897436
1 0.625 0.6185897435897436 0.027644230769230768 0.035256410256410256
1 0.6466346153846154 0.6458333333333334 0.026442307692307692 0.03205128205128205
1 0.671875 0.6858974358974359 0.030048076923076924 0.04006410256410257
1 0.6971153846153846 0.719551282051282 0.03125 0.038461538461538464
1 0.7103365384615384 0.7548076923076923 0.03245192307692308 0.02403846153846154
1 0.5480769230769231 0.4823717948717949 0.025240384615384616 0.03685897435897436
1 0.5733173076923077 0.4983974358974359 0.026442307692307692 0.04006410256410257
1 0.5961538461538461 0.5208333333333334 0.02403846153846154 0.03205128205128205
1 0.609375 0.5560897435897436 0.030048076923076924 0.038461538461538464
1 0.6334134615384616 0.5833333333333334 0.026442307692307692 0.035256410256410256
1 0.65625 0.6089743589743589 0.027644230769230768 0.03365384615384615
1 0.6778846153846154 0.6410256410256411 0.03365384615384615 0.04487179487179487
1 0.7067307692307693 0.6698717948717948 0.03125 0.038461538461538464
1 0.7259615384615384 0.6939102564102564 0.02403846153846154 0.03365384615384615
1 0.7247596153846154 0.7291666666666666 0.026442307692307692 0.035256410256410256
1 0.7427884615384616 0.7580128205128205 0.028846153846153848 0.02403846153846154
1 0.5985576923076923 0.4855769230769231 0.026442307692307692 0.035256410256410256
1 0.6225961538461539 0.5176282051282052 0.028846153846153848 0.038461538461538464
1 0.6418269230769231 0.5448717948717948 0.026442307692307692 0.03685897435897436
1 0.6634615384615384 0.5689102564102564 0.028846153846153848 0.04006410256410257
1 0.6850961538461539 0.5977564102564102 0.028846153846153848 0.03685897435897436
1 0.7043269230769231 0.6314102564102564 0.025240384615384616 0.03365384615384615
1 0.7512019230769231 0.7211538461538461 0.025240384615384616 0.03205128205128205
1 0.7704326923076923 0.7467948717948718 0.03125 0.04006410256410257
1 0.6658653846153846 0.5240384615384616 0.03125 0.04326923076923077
1 0.6935096153846154 0.5448717948717948 0.03125 0.03685897435897436
1 0.7055288461538461 0.5753205128205128 0.026442307692307692 0.03685897435897436
1 0.7283653846153846 0.6169871794871795 0.026442307692307692 0.03685897435897436
1 0.7379807692307693 0.655448717948718 0.03485576923076923 0.04326923076923077
1 0.7620192307692307 0.6907051282051282 0.03365384615384615 0.04006410256410257
1 0.7848557692307693 0.719551282051282 0.027644230769230768 0.03365384615384615
1 0.796875 0.7628205128205128 0.027644230769230768 0.02403846153846154
1 0.7427884615384616 0.5897435897435898 0.027644230769230768 0.03685897435897436
1 0.7548076923076923 0.6233974358974359 0.027644230769230768 0.03365384615384615
1 0.7800480769230769 0.6522435897435898 0.028846153846153848 0.041666666666666664
1 0.796875 0.6923076923076923 0.028846153846153848 0.035256410256410256
1 0.8137019230769231 0.7403846153846154 0.030048076923076924 0.03685897435897436
1 0.8293269230769231 0.7660256410256411 0.028846153846153848 0.02564102564102564
1 0.7704326923076923 0.5961538461538461 0.026442307692307692 0.03685897435897436
1 0.7944711538461539 0.6137820512820513 0.027644230769230768 0.03685897435897436
1 0.8064903846153846 0.6522435897435898 0.02403846153846154 0.035256410256410256
1 0.8257211538461539 0.6971153846153846 0.028846153846153848 0.038461538461538464
1 0.84375 0.7323717948717948 0.028846153846153848 0.041666666666666664
1 0.8581730769230769 0.7644230769230769 0.026442307692307692 0.028846153846153848
1 0.8341346153846154 0.6169871794871795 0.03125 0.03685897435897436
1 0.8329326923076923 0.657051282051282 0.027644230769230768 0.03685897435897436
1 0.859375 0.6490384615384616 0.025240384615384616 0.03365384615384615
1 0.8521634615384616 0.6858974358974359 0.028846153846153848 0.03685897435897436
1 0.875 0.7243589743589743 0.03365384615384615 0.04807692307692308
1 0.890625 0.7596153846153846 0.026442307692307692 0.035256410256410256
1 0.8786057692307693 0.6826923076923077 0.03125 0.04006410256410257
1 0.9122596153846154 0.7115384615384616 0.03365384615384615 0.04487179487179487
1 0.9242788461538461 0.7644230769230769 0.028846153846153848 0.038461538461538464
1 0.9495192307692307 0.7371794871794872 0.03125 0.038461538461538464
1 0.9567307692307693 0.7708333333333334 0.028846153846153848 0.03365384615384615
1 0.8617788461538461 0.6891025641025641 0.008413461538461538 0.1778846153846154
1 0.49399038461538464 0.5801282051282052 0.9747596153846154 0.4326923076923077