1 0.11658653846153846 0.7435897435897436 0.052884615384615384 0.08012820512820513
1 0.12620192307692307 0.6682692307692307 0.057692307692307696 0.08333333333333333
1 0.15865384615384615 0.6025641025641025 0.0625 0.08012820512820513
1 0.19110576923076922 0.657051282051282 0.05048076923076923 0.06891025641025642
1 0.17067307692307693 0.7339743589743589 0.04447115384615385 0.0641025641025641
1 0.2247596153846154 0.780448717948718 0.057692307692307696 0.06891025641025642
1 0.22596153846153846 0.7211538461538461 0.051682692307692304 0.0641025641025641
1 0.24639423076923078 0.6602564102564102 0.057692307692307696 0.07532051282051282
1 0.2127403846153846 0.6057692307692307 0.04807692307692308 0.07211538461538461
1 0.265625 0.5977564102564102 0.04447115384615385 0.07051282051282051
1 0.2776442307692308 0.7339743589743589 0.055288461538461536 0.06891025641025642
1 0.2824519230769231 0.7996794871794872 0.051682692307692304 0.06891025641025642
1 0.3173076923076923 0.5801282051282052 0.05048076923076923 0.06570512820512821
1 0.31009615384615385 0.655448717948718 0.04927884615384615 0.07371794871794872
1 0.35096153846153844 0.7035256410256411 0.06009615384615385 0.08493589743589744
1 0.33413461538461536 0.7692307692307693 0.04807692307692308 0.05608974358974359
1 0.41346153846153844 0.5785256410256411 0.05048076923076923 0.07211538461538461
1 0.3641826923076923 0.6169871794871795 0.057692307692307696 0.08173076923076923
1 0.3954326923076923 0.6746794871794872 0.05048076923076923 0.0673076923076923
1 0.39663461538461536 0.7596153846153846 0.04807692307692308 0.06570512820512821
1 0.4411057692307692 0.7900641025641025 0.04326923076923077 0.05929487179487179
1 0.44591346153846156 0.6426282051282052 0.055288461538461536 0.07211538461538461
1 0.43990384615384615 0.7243589743589743 0.0625 0.07852564102564102
1 0.5072115384615384 0.6153846153846154 0.051682692307692304 0.07532051282051282
1 0.4951923076923077 0.6842948717948718 0.051682692307692304 0.07051282051282051
1 0.4855769230769231 0.7644230769230769 0.04326923076923077 0.05448717948717949
1 0.5252403846153846 0.7932692307692307 0.05048076923076923 0.060897435897435896
1 0.5336538461538461 0.7259615384615384 0.055288461538461536 0.07852564102564102
1 0.5540865384615384 0.6666666666666666 0.05048076923076923 0.0625
1 0.5841346153846154 0.6105769230769231 0.04927884615384615 0.0673076923076923
1 0.5997596153846154 0.6730769230769231 0.04567307692307692 0.0625
1 0.5829326923076923 0.7307692307692307 0.039663461538461536 0.05448717948717949
1 0.5709134615384616 0.7868589743589743 0.04447115384615385 0.057692307692307696
1 0.6165865384615384 0.7932692307692307 0.04326923076923077 0.060897435897435896
1 0.6286057692307693 0.7339743589743589 0.04447115384615385 0.0673076923076923
1 0.6430288461538461 0.6634615384615384 0.038461538461538464 0.05448717948717949
1 0.6346153846153846 0.594551282051282 0.04326923076923077 0.0625
1 0.6838942307692307 0.6137820512820513 0.054086538461538464 0.07211538461538461
1 0.6850961538461539 0.6810897435897436 0.04927884615384615 0.0625
1 0.6766826923076923 0.7387820512820513 0.042067307692307696 0.057692307692307696
1 0.6526442307692307 0.782051282051282 0.04807692307692308 0.052884615384615384
1 0.71875 0.7227564102564102 0.04927884615384615 0.05929487179487179
1 0.7019230769230769 0.780448717948718 0.046875 0.060897435897435896
1 0.7524038461538461 0.7740384615384616 0.042067307692307696 0.05608974358974359
1 0.7548076923076923 0.6682692307692307 0.04326923076923077 0.05929487179487179
1 0.7632211538461539 0.7163461538461539 0.05048076923076923 0.05448717948717949
1 0.8088942307692307 0.7451923076923077 0.046875 0.05448717948717949
1 0.8161057692307693 0.6810897435897436 0.040865384615384616 0.05128205128205128
1 0.84375 0.7099358974358975 0.05048076923076923 0.05608974358974359
1 0.1814903846153846 0.7900641025641025 0.04447115384615385 0.049679487179487176
1 0.42908653846153844 0.6330128205128205 0.009615384615384616 0.3525641025641026
1 0.4795673076923077 0.6794871794871795 0.7896634615384616 0.32211538461538464