1 0.4723557692307692 0.4391025641025641 0.109375 0.13942307692307693
1 0.6358173076923077 0.5144230769230769 0.2127403846153846 0.27564102564102566
1 0.31009615384615385 0.5256410256410257 0.1502403846153846 0.1891025641025641
1 0.4254807692307692 0.5705128205128205 0.08774038461538461 0.125
2 0.5 0.6266025641025641 0.6286057692307693 0.5673076923076923
1 0.9266826923076923 0.6346153846153846 0.1201923076923077 0.15384615384615385
0 0.5192307692307693 0.6458333333333334 0.015625 0.5705128205128205
1 0.4891826923076923 0.6730769230769231 0.10336538461538461 0.15064102564102563
1 0.375 0.6939102564102564 0.10096153846153846 0.1875
1 0.265625 0.7099358974358975 0.11057692307692307 0.14423076923076922
1 0.5901442307692307 0.7243589743589743 0.10336538461538461 0.13942307692307693
1 0.7055288461538461 0.7243589743589743 0.11298076923076923 0.14743589743589744
1 0.8786057692307693 0.7772435897435898 0.1141826923076923 0.12980769230769232
1 0.7692307692307693 0.8044871794871795 0.07572115384615384 0.10576923076923077
1 0.45913461538461536 0.8141025641025641 0.09375 0.13141025641025642
1 0.3473557692307692 0.8237179487179487 0.09615384615384616 0.12980769230769232
1 0.23557692307692307 0.8317307692307693 0.10336538461538461 0.14423076923076922
1 0.6466346153846154 0.8317307692307693 0.08653846153846154 0.10737179487179487
1 0.5528846153846154 0.8397435897435898 0.07932692307692307 0.10256410256410256