1 0.6105769230769231 0.3926282051282051 0.019230769230769232 0.02564102564102564
1 0.3233173076923077 0.40064102564102566 0.016826923076923076 0.022435897435897436
1 0.3918269230769231 0.40064102564102566 0.018028846153846152 0.020833333333333332
1 0.6334134615384616 0.40224358974358976 0.02403846153846154 0.027243589743589744
1 0.5504807692307693 0.40224358974358976 0.02283653846153846 0.022435897435897436
1 0.3737980769230769 0.40544871794871795 0.018028846153846152 0.022435897435897436
1 0.30528846153846156 0.40705128205128205 0.02283653846153846 0.030448717948717948
1 0.2800480769230769 0.40705128205128205 0.02283653846153846 0.028846153846153848
1 0.5276442307692307 0.40865384615384615 0.020432692307692308 0.02403846153846154
1 0.5757211538461539 0.40865384615384615 0.016826923076923076 0.020833333333333332
1 0.4543269230769231 0.41025641025641024 0.018028846153846152 0.020833333333333332
1 0.5120192307692307 0.41185897435897434 0.016826923076923076 0.020833333333333332
1 0.4795673076923077 0.41185897435897434 0.019230769230769232 0.02564102564102564
1 0.59375 0.4150641025641026 0.025240384615384616 0.03205128205128205
1 0.6189903846153846 0.4182692307692308 0.02283653846153846 0.02564102564102564
1 0.34975961538461536 0.4182692307692308 0.020432692307692308 0.02564102564102564
1 0.6538461538461539 0.4182692307692308 0.02403846153846154 0.03365384615384615
1 0.40865384615384615 0.4182692307692308 0.026442307692307692 0.035256410256410256
1 0.43509615384615385 0.4198717948717949 0.020432692307692308 0.028846153846153848
1 0.5637019230769231 0.4198717948717949 0.020432692307692308 0.022435897435897436
1 0.25240384615384615 0.421474358974359 0.037259615384615384 0.04326923076923077
1 0.5396634615384616 0.42467948717948717 0.018028846153846152 0.027243589743589744
1 0.3870192307692308 0.42628205128205127 0.021634615384615384 0.02564102564102564
1 0.3137019230769231 0.42788461538461536 0.021634615384615384 0.02564102564102564
1 0.36538461538461536 0.42948717948717946 0.019230769230769232 0.02564102564102564
1 0.46153846153846156 0.4310897435897436 0.016826923076923076 0.02564102564102564
1 0.29086538461538464 0.4310897435897436 0.016826923076923076 0.027243589743589744
1 0.4951923076923077 0.4326923076923077 0.025240384615384616 0.038461538461538464
1 0.515625 0.4358974358974359 0.016826923076923076 0.02403846153846154
1 0.6346153846153846 0.4358974358974359 0.020432692307692308 0.027243589743589744
1 0.6995192307692307 0.4391025641025641 0.016826923076923076 0.022435897435897436
1 0.3317307692307692 0.4407051282051282 0.019230769230769232 0.020833333333333332
1 0.5805288461538461 0.4423076923076923 0.027644230769230768 0.028846153846153848
1 0.4230769230769231 0.4423076923076923 0.021634615384615384 0.027243589743589744
1 0.44591346153846156 0.4423076923076923 0.020432692307692308 0.02403846153846154
1 0.6081730769230769 0.4439102564102564 0.025240384615384616 0.030448717948717948
1 0.6646634615384616 0.4439102564102564 0.016826923076923076 0.020833333333333332
1 0.23197115384615385 0.4439102564102564 0.021634615384615384 0.02403846153846154
1 0.27283653846153844 0.44551282051282054 0.02283653846153846 0.027243589743589744
1 0.4014423076923077 0.44551282051282054 0.016826923076923076 0.022435897435897436
1 0.5528846153846154 0.44711538461538464 0.02403846153846154 0.035256410256410256
1 0.53125 0.44871794871794873 0.021634615384615384 0.02403846153846154
1 0.47596153846153844 0.45032051282051283 0.020432692307692308 0.02564102564102564
1 0.35096153846153844 0.45032051282051283 0.020432692307692308 0.028846153846153848
1 0.37740384615384615 0.45032051282051283 0.016826923076923076 0.02403846153846154
1 0.6514423076923077 0.4567307692307692 0.014423076923076924 0.020833333333333332
1 0.296875 0.4567307692307692 0.018028846153846152 0.02403846153846154
1 0.3161057692307692 0.4583333333333333 0.018028846153846152 0.022435897435897436
1 0.45913461538461536 0.4583333333333333 0.015625 0.019230769230769232
1 0.21514423076923078 0.4599358974358974 0.027644230769230768 0.03205128205128205
1 0.6850961538461539 0.4599358974358974 0.02283653846153846 0.03685897435897436
1 0.625 0.46153846153846156 0.016826923076923076 0.022435897435897436
1 0.24158653846153846 0.46153846153846156 0.021634615384615384 0.02403846153846154
1 0.7067307692307693 0.46474358974358976 0.021634615384615384 0.027243589743589744
1 0.5120192307692307 0.46474358974358976 0.026442307692307692 0.04006410256410257
1 0.5901442307692307 0.46474358974358976 0.021634615384615384 0.03205128205128205
1 0.5384615384615384 0.46634615384615385 0.015625 0.02403846153846154
1 0.3942307692307692 0.46634615384615385 0.02283653846153846 0.028846153846153848
1 0.2824519230769231 0.46794871794871795 0.018028846153846152 0.020833333333333332
1 0.41466346153846156 0.46794871794871795 0.018028846153846152 0.027243589743589744
1 0.36538461538461536 0.46794871794871795 0.019230769230769232 0.02403846153846154
1 0.6646634615384616 0.46794871794871795 0.019230769230769232 0.020833333333333332
1 0.33052884615384615 0.47115384615384615 0.015625 0.022435897435897436
1 0.4362980769230769 0.47115384615384615 0.028846153846153848 0.035256410256410256
1 0.26322115384615385 0.47115384615384615 0.018028846153846152 0.020833333333333332
1 0.34975961538461536 0.47275641025641024 0.02283653846153846 0.016025641025641024
1 0.30408653846153844 0.47275641025641024 0.018028846153846152 0.019230769230769232
1 0.609375 0.47435897435897434 0.016826923076923076 0.020833333333333332
1 0.640625 0.47435897435897434 0.018028846153846152 0.022435897435897436
1 0.47836538461538464 0.47596153846153844 0.015625 0.020833333333333332
1 0.5673076923076923 0.47596153846153844 0.02403846153846154 0.030448717948717948
1 0.46033653846153844 0.4807692307692308 0.020432692307692308 0.022435897435897436
1 0.7175480769230769 0.4807692307692308 0.016826923076923076 0.020833333333333332
1 0.19831730769230768 0.4823717948717949 0.025240384615384616 0.027243589743589744
1 0.5264423076923077 0.483974358974359 0.019230769230769232 0.020833333333333332
1 0.6514423076923077 0.483974358974359 0.013221153846153846 0.020833333333333332
1 0.23076923076923078 0.4855769230769231 0.021634615384615384 0.022435897435897436
1 0.4963942307692308 0.48717948717948717 0.021634615384615384 0.022435897435897436
1 0.2920673076923077 0.48717948717948717 0.019230769230769232 0.022435897435897436
1 0.31971153846153844 0.48717948717948717 0.018028846153846152 0.022435897435897436
1 0.3762019230769231 0.48878205128205127 0.02283653846153846 0.027243589743589744
1 0.5877403846153846 0.48878205128205127 0.016826923076923076 0.020833333333333332
1 0.40865384615384615 0.48878205128205127 0.018028846153846152 0.020833333333333332
1 0.6971153846153846 0.48878205128205127 0.02283653846153846 0.027243589743589744
1 0.5456730769230769 0.49038461538461536 0.021634615384615384 0.02403846153846154
1 0.33774038461538464 0.49038461538461536 0.018028846153846152 0.022435897435897436
1 0.6298076923076923 0.49038461538461536 0.015625 0.019230769230769232
1 0.25 0.49198717948717946 0.015625 0.022435897435897436
1 0.35697115384615385 0.4951923076923077 0.016826923076923076 0.02403846153846154
1 0.4254807692307692 0.4951923076923077 0.015625 0.02403846153846154
1 0.2704326923076923 0.4951923076923077 0.02403846153846154 0.027243589743589744
1 0.6730769230769231 0.4951923076923077 0.014423076923076924 0.017628205128205128
1 0.7391826923076923 0.4967948717948718 0.015625 0.022435897435897436
1 0.5120192307692307 0.4983974358974359 0.016826923076923076 0.022435897435897436
1 0.44591346153846156 0.4983974358974359 0.016826923076923076 0.020833333333333332
1 0.6081730769230769 0.4983974358974359 0.020432692307692308 0.027243589743589744
1 0.2127403846153846 0.5016025641025641 0.02403846153846154 0.02564102564102564
1 0.18389423076923078 0.5016025641025641 0.025240384615384616 0.030448717948717948
1 0.47716346153846156 0.5032051282051282 0.021634615384615384 0.030448717948717948
1 0.5637019230769231 0.5032051282051282 0.018028846153846152 0.022435897435897436
1 0.7235576923076923 0.5048076923076923 0.016826923076923076 0.02403846153846154
1 0.3918269230769231 0.5048076923076923 0.020432692307692308 0.027243589743589744
1 0.640625 0.5064102564102564 0.018028846153846152 0.020833333333333332
1 0.23557692307692307 0.5064102564102564 0.015625 0.019230769230769232
1 0.2848557692307692 0.5096153846153846 0.015625 0.020833333333333332
1 0.5925480769230769 0.5096153846153846 0.021634615384615384 0.027243589743589744
1 0.3076923076923077 0.5096153846153846 0.021634615384615384 0.02564102564102564
1 0.6850961538461539 0.5096153846153846 0.018028846153846152 0.020833333333333332
1 0.4579326923076923 0.5112179487179487 0.016826923076923076 0.02564102564102564
1 0.5324519230769231 0.5112179487179487 0.018028846153846152 0.022435897435897436
1 0.6598557692307693 0.5112179487179487 0.019230769230769232 0.02564102564102564
1 0.4326923076923077 0.5112179487179487 0.015625 0.020833333333333332
1 0.6995192307692307 0.5128205128205128 0.013221153846153846 0.017628205128205128
1 0.5 0.5128205128205128 0.018028846153846152 0.027243589743589744
1 0.625 0.5128205128205128 0.016826923076923076 0.019230769230769232
1 0.3713942307692308 0.5144230769230769 0.018028846153846152 0.019230769230769232
1 0.2536057692307692 0.5144230769230769 0.02283653846153846 0.022435897435897436
1 0.4110576923076923 0.5160256410256411 0.020432692307692308 0.02403846153846154
1 0.3557692307692308 0.5160256410256411 0.019230769230769232 0.02403846153846154
1 0.5769230769230769 0.5160256410256411 0.018028846153846152 0.02403846153846154
1 0.5504807692307693 0.5192307692307693 0.015625 0.020833333333333332
1 0.20072115384615385 0.5208333333333334 0.015625 0.020833333333333332
1 0.7524038461538461 0.5224358974358975 0.020432692307692308 0.02564102564102564
1 0.7331730769230769 0.5240384615384616 0.018028846153846152 0.027243589743589744
1 0.5168269230769231 0.5240384615384616 0.018028846153846152 0.02564102564102564
1 0.34134615384615385 0.5240384615384616 0.014423076923076924 0.02403846153846154
1 0.7139423076923077 0.5256410256410257 0.019230769230769232 0.030448717948717948
1 0.7728365384615384 0.5256410256410257 0.018028846153846152 0.02403846153846154
1 0.6081730769230769 0.5272435897435898 0.02403846153846154 0.020833333333333332
1 0.46875 0.5272435897435898 0.015625 0.020833333333333332
1 0.6730769230769231 0.5272435897435898 0.021634615384615384 0.027243589743589744
1 0.44591346153846156 0.5272435897435898 0.016826923076923076 0.027243589743589744
1 0.21995192307692307 0.5288461538461539 0.025240384615384616 0.028846153846153848
1 0.2980769230769231 0.530448717948718 0.019230769230769232 0.027243589743589744
1 0.27283653846153844 0.530448717948718 0.025240384615384616 0.03685897435897436
1 0.171875 0.530448717948718 0.03245192307692308 0.03685897435897436
1 0.48677884615384615 0.530448717948718 0.020432692307692308 0.02403846153846154
1 0.3870192307692308 0.532051282051282 0.016826923076923076 0.020833333333333332
1 0.6911057692307693 0.5336538461538461 0.018028846153846152 0.02403846153846154
1 0.36538461538461536 0.5336538461538461 0.016826923076923076 0.019230769230769232
1 0.6346153846153846 0.5352564102564102 0.018028846153846152 0.020833333333333332
1 0.5024038461538461 0.5352564102564102 0.013221153846153846 0.020833333333333332
1 0.5637019230769231 0.5352564102564102 0.020432692307692308 0.027243589743589744
1 0.5348557692307693 0.5368589743589743 0.018028846153846152 0.022435897435897436
2 0.49399038461538464 0.5368589743589743 0.875 0.30448717948717946
1 0.6514423076923077 0.5368589743589743 0.016826923076923076 0.022435897435897436
1 0.7836538461538461 0.5400641025641025 0.013221153846153846 0.020833333333333332
1 0.4266826923076923 0.5400641025641025 0.021634615384615384 0.03365384615384615
1 0.2512019230769231 0.5400641025641025 0.019230769230769232 0.02403846153846154
1 0.7415865384615384 0.5400641025641025 0.015625 0.019230769230769232
1 0.19230769230769232 0.5416666666666666 0.019230769230769232 0.020833333333333332
1 0.4567307692307692 0.5432692307692307 0.018028846153846152 0.02564102564102564
1 0.5877403846153846 0.5432692307692307 0.025240384615384616 0.028846153846153848
1 0.7608173076923077 0.5432692307692307 0.016826923076923076 0.019230769230769232
1 0.40865384615384615 0.5448717948717948 0.02403846153846154 0.02564102564102564
1 0.15144230769230768 0.5448717948717948 0.016826923076923076 0.022435897435897436
1 0.7271634615384616 0.5448717948717948 0.013221153846153846 0.022435897435897436
1 0.35096153846153844 0.5464743589743589 0.019230769230769232 0.02403846153846154
1 0.3293269230769231 0.5480769230769231 0.019230769230769232 0.030448717948717948
1 0.5180288461538461 0.5480769230769231 0.016826923076923076 0.022435897435897436
1 0.7067307692307693 0.5480769230769231 0.018028846153846152 0.022435897435897436
1 0.3112980769230769 0.5496794871794872 0.020432692307692308 0.02403846153846154
1 0.6658653846153846 0.5496794871794872 0.026442307692307692 0.030448717948717948
1 0.8317307692307693 0.5496794871794872 0.015625 0.020833333333333332
1 0.4723557692307692 0.5496794871794872 0.015625 0.02403846153846154
1 0.5504807692307693 0.5512820512820513 0.016826923076923076 0.020833333333333332
1 0.23557692307692307 0.5544871794871795 0.021634615384615384 0.02403846153846154
1 0.6189903846153846 0.5544871794871795 0.020432692307692308 0.02403846153846154
1 0.8485576923076923 0.5544871794871795 0.018028846153846152 0.02564102564102564
1 0.2920673076923077 0.5560897435897436 0.019230769230769232 0.022435897435897436
1 0.7752403846153846 0.5560897435897436 0.019230769230769232 0.022435897435897436
1 0.49278846153846156 0.5576923076923077 0.020432692307692308 0.022435897435897436
1 0.6418269230769231 0.5576923076923077 0.018028846153846152 0.020833333333333332
1 0.26322115384615385 0.5576923076923077 0.018028846153846152 0.020833333333333332
1 0.8088942307692307 0.5576923076923077 0.021634615384615384 0.027243589743589744
1 0.6838942307692307 0.5592948717948718 0.015625 0.02564102564102564
1 0.4423076923076923 0.5592948717948718 0.015625 0.022435897435897436
1 0.36177884615384615 0.5608974358974359 0.014423076923076924 0.020833333333333332
1 0.21153846153846154 0.5608974358974359 0.025240384615384616 0.03365384615384615
1 0.5336538461538461 0.5608974358974359 0.018028846153846152 0.022435897435897436
1 0.8653846153846154 0.5625 0.015625 0.02403846153846154
1 0.39302884615384615 0.5625 0.016826923076923076 0.027243589743589744
1 0.6009615384615384 0.5641025641025641 0.020432692307692308 0.03365384615384615
1 0.5649038461538461 0.5657051282051282 0.015625 0.022435897435897436
1 0.46153846153846156 0.5673076923076923 0.02283653846153846 0.02564102564102564
1 0.5072115384615384 0.5673076923076923 0.015625 0.02403846153846154
1 0.7572115384615384 0.5673076923076923 0.018028846153846152 0.019230769230769232
1 0.16706730769230768 0.5673076923076923 0.026442307692307692 0.03205128205128205
1 0.14302884615384615 0.5673076923076923 0.021634615384615384 0.030448717948717948
1 0.421875 0.5689102564102564 0.020432692307692308 0.027243589743589744
1 0.7235576923076923 0.5689102564102564 0.016826923076923076 0.028846153846153848
1 0.18870192307692307 0.5689102564102564 0.018028846153846152 0.02403846153846154
1 0.32211538461538464 0.5689102564102564 0.021634615384615384 0.02403846153846154
1 0.7896634615384616 0.5705128205128205 0.020432692307692308 0.02403846153846154
1 0.2776442307692308 0.5705128205128205 0.018028846153846152 0.020833333333333332
1 0.30408653846153844 0.5705128205128205 0.019230769230769232 0.022435897435897436
1 0.3762019230769231 0.5705128205128205 0.016826923076923076 0.020833333333333332
1 0.3449519230769231 0.5705128205128205 0.015625 0.022435897435897436
1 0.8269230769230769 0.5721153846153846 0.018028846153846152 0.02564102564102564
1 0.65625 0.5721153846153846 0.02403846153846154 0.028846153846153848
1 0.7415865384615384 0.5721153846153846 0.014423076923076924 0.020833333333333332
1 0.5829326923076923 0.5721153846153846 0.015625 0.022435897435897436
1 0.24639423076923078 0.5737179487179487 0.019230769230769232 0.027243589743589744
1 0.5504807692307693 0.5753205128205128 0.020432692307692308 0.02564102564102564
1 0.22716346153846154 0.5753205128205128 0.018028846153846152 0.022435897435897436
1 0.7007211538461539 0.5769230769230769 0.03125 0.03685897435897436
1 0.484375 0.5785256410256411 0.018028846153846152 0.027243589743589744
1 0.6225961538461539 0.5785256410256411 0.019230769230769232 0.02403846153846154
1 0.6742788461538461 0.5801282051282052 0.015625 0.020833333333333332
1 0.7728365384615384 0.5801282051282052 0.019230769230769232 0.027243589743589744
1 0.5204326923076923 0.5801282051282052 0.016826923076923076 0.02403846153846154
1 0.875 0.5817307692307693 0.02403846153846154 0.027243589743589744
1 0.40384615384615385 0.5833333333333334 0.016826923076923076 0.030448717948717948
1 0.8461538461538461 0.5833333333333334 0.02403846153846154 0.03685897435897436
1 0.20192307692307693 0.5849358974358975 0.016826923076923076 0.017628205128205128
1 0.44471153846153844 0.5849358974358975 0.02283653846153846 0.03205128205128205
1 0.3605769230769231 0.5849358974358975 0.019230769230769232 0.027243589743589744
1 0.6430288461538461 0.5865384615384616 0.021634615384615384 0.027243589743589744
1 0.4699519230769231 0.5865384615384616 0.019230769230769232 0.020833333333333332
1 0.2644230769230769 0.5881410256410257 0.02283653846153846 0.02564102564102564
1 0.8185096153846154 0.5881410256410257 0.015625 0.02403846153846154
1 0.5661057692307693 0.5897435897435898 0.015625 0.019230769230769232
1 0.33533653846153844 0.5897435897435898 0.016826923076923076 0.022435897435897436
1 0.18389423076923078 0.5913461538461539 0.02283653846153846 0.027243589743589744
1 0.15625 0.5913461538461539 0.021634615384615384 0.02564102564102564
1 0.7572115384615384 0.5913461538461539 0.015625 0.022435897435897436
1 0.7235576923076923 0.592948717948718 0.018028846153846152 0.02403846153846154
1 0.5048076923076923 0.592948717948718 0.020432692307692308 0.02564102564102564
1 0.7872596153846154 0.594551282051282 0.015625 0.017628205128205128
1 0.38221153846153844 0.594551282051282 0.016826923076923076 0.02564102564102564
1 0.8617788461538461 0.594551282051282 0.016826923076923076 0.022435897435897436
1 0.13581730769230768 0.594551282051282 0.020432692307692308 0.02564102564102564
1 0.6045673076923077 0.5961538461538461 0.021634615384615384 0.022435897435897436
1 0.42427884615384615 0.5961538461538461 0.019230769230769232 0.02403846153846154
1 0.5805288461538461 0.5961538461538461 0.015625 0.020833333333333332
1 0.6634615384615384 0.5961538461538461 0.019230769230769232 0.02403846153846154
1 0.21995192307692307 0.5977564102564102 0.018028846153846152 0.02403846153846154
1 0.3137019230769231 0.5977564102564102 0.02403846153846154 0.030448717948717948
1 0.28846153846153844 0.5977564102564102 0.026442307692307692 0.035256410256410256
1 0.7391826923076923 0.5977564102564102 0.018028846153846152 0.022435897435897436
1 0.5372596153846154 0.5977564102564102 0.019230769230769232 0.030448717948717948
1 0.48677884615384615 0.5993589743589743 0.014423076923076924 0.020833333333333332
1 0.24278846153846154 0.6025641025641025 0.030048076923076924 0.035256410256410256
1 0.6814903846153846 0.6025641025641025 0.020432692307692308 0.02564102564102564
1 0.8341346153846154 0.6041666666666666 0.019230769230769232 0.02564102564102564
1 0.5552884615384616 0.6041666666666666 0.015625 0.022435897435897436
1 0.7704326923076923 0.6057692307692307 0.014423076923076924 0.020833333333333332
1 0.8858173076923077 0.6057692307692307 0.019230769230769232 0.022435897435897436
1 0.8040865384615384 0.6073717948717948 0.019230769230769232 0.028846153846153848
1 0.5204326923076923 0.6089743589743589 0.019230769230769232 0.027243589743589744
1 0.3449519230769231 0.6089743589743589 0.019230769230769232 0.02564102564102564
1 0.46274038461538464 0.6105769230769231 0.019230769230769232 0.02403846153846154
1 0.3641826923076923 0.6105769230769231 0.018028846153846152 0.022435897435897436
1 0.7127403846153846 0.6121794871794872 0.018028846153846152 0.020833333333333332
1 0.43990384615384615 0.6121794871794872 0.019230769230769232 0.02564102564102564
1 0.3269230769230769 0.6121794871794872 0.016826923076923076 0.02403846153846154
1 0.8509615384615384 0.6137820512820513 0.016826923076923076 0.020833333333333332
1 0.6490384615384616 0.6137820512820513 0.02283653846153846 0.02403846153846154
1 0.59375 0.6137820512820513 0.016826923076923076 0.022435897435897436
1 0.19471153846153846 0.6153846153846154 0.02283653846153846 0.02564102564102564
1 0.16826923076923078 0.6153846153846154 0.021634615384615384 0.03365384615384615
1 0.4795673076923077 0.6153846153846154 0.013221153846153846 0.022435897435897436
1 0.4050480769230769 0.6169871794871795 0.020432692307692308 0.027243589743589744
1 0.4987980769230769 0.6169871794871795 0.020432692307692308 0.028846153846153848
1 0.38461538461538464 0.6169871794871795 0.019230769230769232 0.02403846153846154
1 0.12259615384615384 0.6169871794871795 0.02283653846153846 0.030448717948717948
1 0.21754807692307693 0.6185897435897436 0.019230769230769232 0.020833333333333332
1 0.26802884615384615 0.6185897435897436 0.02403846153846154 0.028846153846153848
1 0.8701923076923077 0.6185897435897436 0.019230769230769232 0.027243589743589744
1 0.7848557692307693 0.6185897435897436 0.020432692307692308 0.027243589743589744
1 0.14783653846153846 0.6185897435897436 0.019230769230769232 0.02564102564102564
1 0.7475961538461539 0.6201923076923077 0.015625 0.020833333333333332
1 0.3004807692307692 0.6201923076923077 0.019230769230769232 0.027243589743589744
1 0.5432692307692307 0.6201923076923077 0.015625 0.020833333333333332
1 0.8221153846153846 0.6217948717948718 0.021634615384615384 0.027243589743589744
1 0.5733173076923077 0.6217948717948718 0.02403846153846154 0.03205128205128205
1 0.6706730769230769 0.6217948717948718 0.018028846153846152 0.022435897435897436
1 0.4266826923076923 0.6233974358974359 0.016826923076923076 0.027243589743589744
1 0.6081730769230769 0.6233974358974359 0.019230769230769232 0.020833333333333332
1 0.8882211538461539 0.6282051282051282 0.018028846153846152 0.02564102564102564
1 0.6971153846153846 0.6298076923076923 0.03125 0.038461538461538464
1 0.4519230769230769 0.6298076923076923 0.02283653846153846 0.02564102564102564
1 0.7283653846153846 0.6314102564102564 0.02283653846153846 0.028846153846153848
1 0.24278846153846154 0.6330128205128205 0.018028846153846152 0.022435897435897436
1 0.33774038461538464 0.6330128205128205 0.015625 0.019230769230769232
1 0.8401442307692307 0.6346153846153846 0.019230769230769232 0.030448717948717948
1 0.359375 0.6346153846153846 0.021634615384615384 0.02564102564102564
1 0.5276442307692307 0.6346153846153846 0.021634615384615384 0.02403846153846154
1 0.7668269230769231 0.6362179487179487 0.028846153846153848 0.03205128205128205
1 0.5913461538461539 0.6362179487179487 0.020432692307692308 0.020833333333333332
1 0.6322115384615384 0.6378205128205128 0.026442307692307692 0.03205128205128205
1 0.5552884615384616 0.6378205128205128 0.019230769230769232 0.028846153846153848
1 0.49038461538461536 0.6378205128205128 0.015625 0.020833333333333332
1 0.3161057692307692 0.6378205128205128 0.026442307692307692 0.028846153846153848
1 0.10817307692307693 0.6378205128205128 0.02403846153846154 0.030448717948717948
1 0.6550480769230769 0.6378205128205128 0.016826923076923076 0.022435897435897436
1 0.9002403846153846 0.6378205128205128 0.019230769230769232 0.027243589743589744
1 0.8088942307692307 0.6394230769230769 0.021634615384615384 0.02564102564102564
1 0.20072115384615385 0.6394230769230769 0.015625 0.020833333333333332
1 0.1346153846153846 0.6394230769230769 0.025240384615384616 0.02403846153846154
1 0.15865384615384615 0.6394230769230769 0.019230769230769232 0.02564102564102564
1 0.39302884615384615 0.6394230769230769 0.021634615384615384 0.030448717948717948
1 0.4699519230769231 0.6410256410256411 0.02283653846153846 0.028846153846153848
1 0.1778846153846154 0.6410256410256411 0.018028846153846152 0.020833333333333332
1 0.8581730769230769 0.6410256410256411 0.019230769230769232 0.03205128205128205
1 0.25961538461538464 0.6410256410256411 0.018028846153846152 0.020833333333333332
1 0.5132211538461539 0.6410256410256411 0.016826923076923076 0.022435897435897436
1 0.22355769230769232 0.6426282051282052 0.020432692307692308 0.027243589743589744
1 0.41346153846153844 0.6426282051282052 0.015625 0.020833333333333332
1 0.28725961538461536 0.6426282051282052 0.02283653846153846 0.030448717948717948
1 0.3786057692307692 0.6442307692307693 0.014423076923076924 0.019230769230769232
1 0.7451923076923077 0.6442307692307693 0.015625 0.027243589743589744
1 0.8786057692307693 0.6458333333333334 0.018028846153846152 0.02403846153846154
1 0.4338942307692308 0.6474358974358975 0.021634615384615384 0.030448717948717948
1 0.6105769230769231 0.6506410256410257 0.019230769230769232 0.02403846153846154
1 0.7908653846153846 0.6522435897435898 0.02283653846153846 0.03205128205128205
1 0.8245192307692307 0.6522435897435898 0.019230769230769232 0.030448717948717948
1 0.7115384615384616 0.655448717948718 0.02283653846153846 0.03365384615384615
1 0.08774038461538461 0.655448717948718 0.025240384615384616 0.03205128205128205
1 0.34134615384615385 0.655448717948718 0.02283653846153846 0.027243589743589744
1 0.5336538461538461 0.657051282051282 0.020432692307692308 0.017628205128205128
1 0.5709134615384616 0.657051282051282 0.02283653846153846 0.030448717948717948
1 0.12379807692307693 0.657051282051282 0.020432692307692308 0.020833333333333332
1 0.453125 0.657051282051282 0.019230769230769232 0.030448717948717948
1 0.6814903846153846 0.6586538461538461 0.019230769230769232 0.027243589743589744
1 0.16706730769230768 0.6586538461538461 0.016826923076923076 0.020833333333333332
1 0.3016826923076923 0.6586538461538461 0.019230769230769232 0.020833333333333332
1 0.14543269230769232 0.6586538461538461 0.020432692307692308 0.027243589743589744
1 0.18509615384615385 0.6586538461538461 0.019230769230769232 0.022435897435897436
1 0.32091346153846156 0.6602564102564102 0.015625 0.017628205128205128
1 0.5192307692307693 0.6602564102564102 0.020432692307692308 0.020833333333333332
1 0.3629807692307692 0.6602564102564102 0.018028846153846152 0.02403846153846154
1 0.49759615384615385 0.6602564102564102 0.020432692307692308 0.02403846153846154
1 0.8461538461538461 0.6602564102564102 0.02403846153846154 0.02403846153846154
1 0.7331730769230769 0.6602564102564102 0.021634615384615384 0.028846153846153848
1 0.23918269230769232 0.6602564102564102 0.025240384615384616 0.02564102564102564
1 0.20552884615384615 0.6602564102564102 0.019230769230769232 0.02403846153846154
1 0.6574519230769231 0.6618589743589743 0.021634615384615384 0.02564102564102564
1 0.2704326923076923 0.6618589743589743 0.021634615384615384 0.022435897435897436
1 0.5925480769230769 0.6618589743589743 0.015625 0.020833333333333332
1 0.7524038461538461 0.6618589743589743 0.015625 0.020833333333333332
1 0.4014423076923077 0.6634615384615384 0.020432692307692308 0.022435897435897436
1 0.47836538461538464 0.6634615384615384 0.015625 0.019230769230769232
1 0.5504807692307693 0.6634615384615384 0.016826923076923076 0.019230769230769232
1 0.7716346153846154 0.6634615384615384 0.015625 0.016025641025641024
1 0.9134615384615384 0.6634615384615384 0.027644230769230768 0.02564102564102564
1 0.625 0.6634615384615384 0.016826923076923076 0.019230769230769232
1 0.6394230769230769 0.6650641025641025 0.015625 0.017628205128205128
1 0.4182692307692308 0.6650641025641025 0.016826923076923076 0.014423076923076924
1 0.38221153846153844 0.6650641025641025 0.015625 0.017628205128205128
1 0.6959134615384616 0.6650641025641025 0.019230769230769232 0.020833333333333332
1 0.8100961538461539 0.6666666666666666 0.015625 0.01282051282051282
1 0.8725961538461539 0.6666666666666666 0.015625 0.02564102564102564
1 0.8894230769230769 0.6666666666666666 0.019230769230769232 0.02564102564102564