1 0.8701923076923077 0.6794871794871795 0.07091346153846154 0.07211538461538461
1 0.8076923076923077 0.6907051282051282 0.046875 0.04326923076923077
1 0.8305288461538461 0.6105769230769231 0.057692307692307696 0.0673076923076923
1 0.7884615384615384 0.6474358974358975 0.046875 0.05608974358974359
1 0.7632211538461539 0.6923076923076923 0.038461538461538464 0.04487179487179487
1 0.8209134615384616 0.5448717948717948 0.046875 0.06570512820512821
1 0.7752403846153846 0.5833333333333334 0.051682692307692304 0.06570512820512821
1 0.7427884615384616 0.6522435897435898 0.040865384615384616 0.05128205128205128
1 0.7223557692307693 0.6923076923076923 0.03245192307692308 0.04006410256410257
1 0.7319711538461539 0.6057692307692307 0.03485576923076923 0.04326923076923077
1 0.703125 0.6442307692307693 0.038461538461538464 0.052884615384615384
1 0.6754807692307693 0.6907051282051282 0.04326923076923077 0.04807692307692308
1 0.8100961538461539 0.4807692307692308 0.04807692307692308 0.06891025641025642
1 0.7692307692307693 0.5240384615384616 0.042067307692307696 0.057692307692307696
1 0.7307692307692307 0.5608974358974359 0.042067307692307696 0.049679487179487176
1 0.6826923076923077 0.5897435897435898 0.055288461538461536 0.07692307692307693
1 0.6586538461538461 0.6426282051282052 0.04567307692307692 0.05448717948717949
1 0.6346153846153846 0.6858974358974359 0.04447115384615385 0.05128205128205128
1 0.7572115384615384 0.45032051282051283 0.05889423076923077 0.08493589743589744
1 0.7307692307692307 0.5128205128205128 0.038461538461538464 0.05608974358974359
1 0.6850961538461539 0.5240384615384616 0.04567307692307692 0.0625
1 0.6478365384615384 0.5512820512820513 0.038461538461538464 0.05128205128205128
1 0.6298076923076923 0.6025641025641025 0.04807692307692308 0.06570512820512821
1 0.6153846153846154 0.6490384615384616 0.037259615384615384 0.046474358974358976
1 0.5925480769230769 0.6891025641025641 0.040865384615384616 0.052884615384615384
1 0.5757211538461539 0.6490384615384616 0.03485576923076923 0.049679487179487176
1 0.5504807692307693 0.6826923076923077 0.04567307692307692 0.049679487179487176
1 0.6995192307692307 0.4439102564102564 0.054086538461538464 0.07051282051282051
1 0.6478365384615384 0.4855769230769231 0.0625 0.08012820512820513
1 0.6081730769230769 0.5208333333333334 0.051682692307692304 0.06891025641025642
1 0.5925480769230769 0.5801282051282052 0.036057692307692304 0.05128205128205128
1 0.5612980769230769 0.6073717948717948 0.040865384615384616 0.05448717948717949
1 0.53125 0.6426282051282052 0.04927884615384615 0.0673076923076923
1 0.5060096153846154 0.6778846153846154 0.04326923076923077 0.049679487179487176
1 0.5637019230769231 0.5544871794871795 0.03485576923076923 0.046474358974358976
1 0.5324519230769231 0.5737179487179487 0.039663461538461536 0.05929487179487179
1 0.5012019230769231 0.6041666666666666 0.040865384615384616 0.049679487179487176
1 0.47115384615384615 0.6426282051282052 0.037259615384615384 0.05448717948717949
1 0.4579326923076923 0.6778846153846154 0.037259615384615384 0.035256410256410256
1 0.4387019230769231 0.6442307692307693 0.030048076923076924 0.04326923076923077
1 0.41466346153846156 0.6810897435897436 0.036057692307692304 0.03205128205128205
1 0.7163461538461539 0.375 0.06490384615384616 0.08173076923076923
1 0.6778846153846154 0.34935897435897434 0.037259615384615384 0.05608974358974359
1 0.6526442307692307 0.40544871794871795 0.05048076923076923 0.0673076923076923
1 0.6081730769230769 0.4439102564102564 0.04326923076923077 0.0625
1 0.5697115384615384 0.4823717948717949 0.04927884615384615 0.0641025641025641
1 0.5384615384615384 0.5144230769230769 0.04447115384615385 0.060897435897435896
1 0.4855769230769231 0.5400641025641025 0.054086538461538464 0.07371794871794872
1 0.4567307692307692 0.592948717948718 0.046875 0.060897435897435896
1 0.41586538461538464 0.5897435897435898 0.03485576923076923 0.049679487179487176
1 0.39663461538461536 0.6378205128205128 0.037259615384615384 0.05128205128205128
1 0.3713942307692308 0.6778846153846154 0.036057692307692304 0.03205128205128205
1 0.4387019230769231 0.5432692307692307 0.039663461538461536 0.05448717948717949
1 0.6322115384615384 0.32532051282051283 0.05889423076923077 0.07692307692307693
1 0.6033653846153846 0.3798076923076923 0.04447115384615385 0.05929487179487179
1 0.5673076923076923 0.4150641025641026 0.04927884615384615 0.0625
1 0.5300480769230769 0.44551282051282054 0.038461538461538464 0.046474358974358976
1 0.5012019230769231 0.47275641025641024 0.036057692307692304 0.049679487179487176
1 0.46153846153846156 0.4855769230769231 0.04326923076923077 0.060897435897435896
1 0.41947115384615385 0.48717948717948717 0.039663461538461536 0.05448717948717949
1 0.3918269230769231 0.5352564102564102 0.052884615384615384 0.07211538461538461
1 0.375 0.5977564102564102 0.036057692307692304 0.05128205128205128
1 0.359375 0.6394230769230769 0.038461538461538464 0.04807692307692308
1 0.3293269230769231 0.6698717948717948 0.04447115384615385 0.05608974358974359
1 0.5673076923076923 0.3541666666666667 0.04447115384615385 0.05929487179487179
1 0.5252403846153846 0.3701923076923077 0.037259615384615384 0.049679487179487176
1 0.5108173076923077 0.41025641025641024 0.03245192307692308 0.04326923076923077
1 0.47115384615384615 0.4230769230769231 0.042067307692307696 0.05929487179487179
1 0.43149038461538464 0.4358974358974359 0.038461538461538464 0.052884615384615384
1 0.4891826923076923 0.3766025641025641 0.038461538461538464 0.05608974358974359
1 0.4519230769230769 0.3798076923076923 0.042067307692307696 0.05608974358974359
1 0.3942307692307692 0.42467948717948717 0.038461538461538464 0.049679487179487176
1 0.36778846153846156 0.47435897435897434 0.04326923076923077 0.0625
1 0.34134615384615385 0.5208333333333334 0.04927884615384615 0.0641025641025641
1 0.3329326923076923 0.6025641025641025 0.04567307692307692 0.0625
1 0.3004807692307692 0.6410256410256411 0.036057692307692304 0.05128205128205128
1 0.27884615384615385 0.6762820512820513 0.03485576923076923 0.04326923076923077
1 0.4170673076923077 0.34615384615384615 0.046875 0.0625
1 0.37740384615384615 0.375 0.03485576923076923 0.05128205128205128
1 0.35216346153846156 0.4230769230769231 0.04807692307692308 0.05929487179487179
1 0.3233173076923077 0.46794871794871795 0.04927884615384615 0.0625
1 0.29086538461538464 0.5048076923076923 0.039663461538461536 0.05448717948717949
1 0.2704326923076923 0.5801282051282052 0.054086538461538464 0.0673076923076923
1 0.2620192307692308 0.6378205128205128 0.038461538461538464 0.05608974358974359
1 0.23317307692307693 0.6778846153846154 0.038461538461538464 0.046474358974358976
1 0.32211538461538464 0.38461538461538464 0.04807692307692308 0.0625
1 0.2860576923076923 0.4230769230769231 0.04447115384615385 0.0625
1 0.26802884615384615 0.46634615384615385 0.036057692307692304 0.046474358974358976
1 0.24519230769230768 0.5160256410256411 0.05048076923076923 0.07211538461538461
1 0.22235576923076922 0.5689102564102564 0.042067307692307696 0.05929487179487179
1 0.21875 0.6298076923076923 0.04447115384615385 0.05608974358974359
1 0.18028846153846154 0.6586538461538461 0.04807692307692308 0.0625
1 0.2283653846153846 0.4310897435897436 0.04326923076923077 0.05929487179487179
1 0.19110576923076922 0.49198717948717946 0.06129807692307692 0.08493589743589744
1 0.1814903846153846 0.5560897435897436 0.04326923076923077 0.05608974358974359
1 0.15144230769230768 0.6153846153846154 0.03245192307692308 0.04807692307692308
1 0.11658653846153846 0.655448717948718 0.055288461538461536 0.06891025641025642
1 0.4723557692307692 0.5801282051282052 0.009615384615384616 0.22275641025641027
1 0.49399038461538464 0.4967948717948718 0.8293269230769231 0.4551282051282051