1 0.7319711538461539 0.5512820512820513 0.11778846153846154 0.14102564102564102
1 0.6141826923076923 0.5769230769230769 0.10576923076923077 0.1282051282051282
1 0.49759615384615385 0.5480769230769231 0.0733173076923077 0.10096153846153846
1 0.40625 0.5673076923076923 0.06009615384615385 0.08653846153846154
1 0.24519230769230768 0.5977564102564102 0.07211538461538461 0.11217948717948718
1 0.33533653846153844 0.6105769230769231 0.08173076923076923 0.11698717948717949
1 0.8016826923076923 0.6826923076923077 0.12259615384615384 0.1266025641025641
1 0.6862980769230769 0.6618589743589743 0.09375 0.1266025641025641
1 0.578125 0.6666666666666666 0.0673076923076923 0.07852564102564102
1 0.5 0.6650641025641025 0.0985576923076923 0.12179487179487179
1 0.41225961538461536 0.657051282051282 0.06850961538461539 0.09455128205128205
1 0.27524038461538464 0.6891025641025641 0.07692307692307693 0.08974358974358974
1 0.17548076923076922 0.6971153846153846 0.08533653846153846 0.11217948717948718
1 0.8100961538461539 0.7980769230769231 0.0829326923076923 0.08493589743589744
1 0.71875 0.782051282051282 0.07932692307692307 0.10256410256410256
1 0.6201923076923077 0.7788461538461539 0.10336538461538461 0.11057692307692307
1 0.5300480769230769 0.7724358974358975 0.09134615384615384 0.11858974358974358
1 0.44350961538461536 0.7868589743589743 0.07091346153846154 0.09455128205128205
1 0.34615384615384615 0.7596153846153846 0.10216346153846154 0.14743589743589744
1 0.2403846153846154 0.7948717948717948 0.09254807692307693 0.125
1 0.15745192307692307 0.7964743589743589 0.07451923076923077 0.10256410256410256
1 0.5913461538461539 0.6474358974358975 0.02403846153846154 0.41185897435897434
1 0.4879807692307692 0.6506410256410257 0.7548076923076923 0.391025641025641